Without NQE Train Data: 
tensor(0.2459)
Without NQE Test Data: 
tensor(0.2495)
PCA-NQE Train Data: 
[0.6335812, 0.66688937, 0.6795073, 0.68708235, 0.6798806, 0.69814074, 0.69761014, 0.7093673, 0.70249146, 0.72064656, 0.7157695, 0.72127944, 0.7017031, 0.7252877, 0.71903485, 0.73850113, 0.7348126, 0.7302714, 0.73607856, 0.7405441, 0.7380209]
PCA-NQE Test Data: 
[0.6358084, 0.6620848, 0.6706156, 0.6775409, 0.6676708, 0.6806823, 0.6786356, 0.6851454, 0.6745423, 0.7001963, 0.6896511, 0.6952997, 0.6797505, 0.70180887, 0.7003378, 0.7156829, 0.70787996, 0.70397556, 0.70910513, 0.7087317, 0.70802855]
NQE Train Data: 
[0.00319432, 0.00335155, 0.00355761, 0.00378148, 0.00406547, 0.00446378, 0.00501188, 0.00577306, 0.00680844, 0.00873068, 0.01241674, 0.01961983, 0.04786431, 0.23129496, 0.6047697, 0.7180337, 0.7691778, 0.79990774, 0.8121091, 0.8191669, 0.8239291]
NQE Test Data: 
[0.00244655, 0.00255053, 0.0026986, 0.00286024, 0.0030695, 0.00335609, 0.00377901, 0.00435551, 0.00518774, 0.00681642, 0.0099289, 0.01581081, 0.03779212, 0.19017783, 0.5480306, 0.6600101, 0.7122723, 0.7448902, 0.75375104, 0.7590032, 0.76439863]
