Loss History Trained 1
[0.50632718 0.49283607 0.47225812 0.43931406 0.40514664 0.36914701
 0.35040974 0.32903898 0.31078918 0.30204333 0.29187357 0.30735529
 0.31230646 0.30411977 0.31161825 0.30987428 0.30338593 0.29402981
 0.28011124 0.28817558 0.28324388 0.28385686 0.27921873 0.25830102
 0.269059   0.25470909 0.25729505 0.26521557 0.25913106 0.25878831
 0.23938363 0.25027703 0.25527311 0.23624581 0.23835521 0.2590986
 0.23912353 0.24586135 0.24653414 0.24351395 0.23807312 0.22789919
 0.24943652 0.22252064 0.24119629 0.23527152 0.22884474 0.21744008
 0.23063943 0.22397801 0.21632404 0.22165729 0.22108054 0.22138981
 0.2264975  0.2160865  0.22514369 0.21627561 0.20790309 0.23747512
 0.22214218 0.22052316 0.21781647 0.21991829 0.22201932 0.21507518
 0.22279221 0.21682226 0.21944737 0.21496884 0.21446458 0.20590851
 0.20388277 0.22337079 0.21640391 0.21201065 0.21197339 0.20210867
 0.20156936 0.2031594  0.21572192 0.21316174 0.21877777 0.18857702
 0.21693488 0.21163676 0.21921001 0.1958361  0.21343361 0.19542462
 0.17818375 0.18931724 0.18836225 0.20397166 0.18567904 0.19933801
 0.18381607 0.20324176 0.20543981 0.18848137 0.19113586 0.17753131
 0.18429532 0.18763664 0.19032647 0.19256999 0.18838042 0.20945178
 0.20199529 0.18745083 0.19003021 0.17323763 0.18703432 0.17045037
 0.18483412 0.17363747 0.16522131 0.19417399 0.18232289 0.18260086
 0.18449727 0.18852128 0.18294131 0.18611966 0.16944223 0.16409544
 0.1603788  0.18327893 0.16839004 0.1771521  0.16585756 0.17632127
 0.15829157 0.16001763 0.14935508 0.17216039 0.18145163 0.15235815
 0.16226245 0.15164159 0.16420801 0.16485835 0.15239223 0.18137263
 0.1622546  0.15164013 0.16516966 0.13582675 0.1553905  0.15770033
 0.15273868 0.1434437  0.15768962 0.16182184 0.14196219 0.14656446
 0.16604341 0.15325301 0.15435387 0.15390294 0.15016591 0.13374731
 0.14130741 0.14209082 0.1584392  0.12972404 0.13286747 0.14575353
 0.14049161 0.14381734 0.13862227 0.14587602 0.1513174  0.14802429
 0.12571981 0.15887395 0.14171307 0.13600846 0.1296075  0.12384
 0.14301255 0.13286514 0.13058896 0.13394508 0.13495368 0.1377072
 0.12388867 0.11739333 0.12968125 0.12558558 0.12136493 0.1317712
 0.12059993 0.11522191 0.12153386 0.12704555 0.12139619 0.11560748
 0.1302343  0.13213153 0.1044739  0.11211536 0.11768375 0.12573972
 0.1213442  0.10667861 0.11755556 0.13343226 0.11419175 0.12841087
 0.12527829 0.11305244 0.12276299 0.10514042 0.11735732 0.10482201
 0.12608717 0.10355108 0.11426919 0.12988699 0.10779646 0.1140448
 0.10764881 0.1096868  0.10714706 0.1059201  0.09632273 0.09854655
 0.11089499 0.12377936 0.10986644 0.10565021 0.10594374 0.09568044
 0.10399858 0.10010514 0.12679534 0.09949018 0.10755099 0.09731698
 0.10538976 0.10112324 0.1252211  0.09942395 0.12173128 0.09486423
 0.09496027 0.10128793 0.11898851 0.10931766 0.12648922 0.10766372
 0.11416472 0.09821362 0.10182    0.09810992 0.09853142 0.10363107
 0.09683764 0.10916209 0.10613685 0.09695058 0.10240954 0.11131595
 0.13974486 0.10053528 0.09719974 0.10165871 0.10093055 0.09413647
 0.10338407 0.09810971 0.09441122 0.08863796 0.09027984 0.11952603
 0.08626379 0.09294104 0.08260197 0.10211289 0.10706787 0.09982196
 0.0927402  0.1079838  0.09070101 0.13000044 0.09204432 0.07952549
 0.10293787 0.08971314 0.10780182 0.09606562 0.10158481 0.09519579
 0.095402   0.11105599 0.08454256 0.10053718 0.09880294 0.08556403
 0.09806392 0.0764256  0.11441463 0.07917487 0.0990801  0.08900135
 0.11197418 0.0944004  0.09960863 0.1077342  0.08704122 0.09984558
 0.0785084  0.10083245 0.08810479 0.10450754 0.1107044  0.08459102
 0.08926453 0.09493005 0.10774419 0.08731102 0.1090296  0.09846902
 0.08744786 0.09631089 0.08658602 0.08835501 0.09723902 0.09256092
 0.097796   0.10380152 0.09435366 0.12421785 0.08235937 0.09478545
 0.08327875 0.10362876 0.08752677 0.09334412 0.09207952 0.07882542
 0.1035729  0.07887206 0.09033892 0.09452549 0.0958107  0.09526698
 0.08876734 0.09669787 0.08924795 0.08564861 0.10546443 0.10663135
 0.09762217 0.10515245 0.09642049 0.09799315 0.09437807 0.0954125
 0.08710447 0.08879217 0.08165505 0.09178399 0.08377988 0.10554702
 0.09135411 0.10265166 0.09637844 0.09328827 0.08548346 0.09926464
 0.08653198 0.09588666 0.09282214 0.09091363 0.09361039 0.09984509
 0.09924857 0.09612553 0.09024121 0.08909138 0.09578976 0.09669138
 0.09085712 0.0915081  0.09235255 0.10338655 0.09723797 0.09157318
 0.08345353 0.09918214 0.09941727 0.09309068 0.09834551 0.08854779
 0.10427797 0.09351946 0.0901218  0.0915653  0.09121647 0.09865758
 0.08622974 0.09819394 0.07729416 0.08427294 0.08962833 0.08321181
 0.09081951 0.09540084 0.07836601 0.08557906 0.09207273 0.08857468
 0.10222475 0.0774937  0.09012984 0.08235316 0.07298473 0.08976236
 0.09338841 0.0959161  0.09486762 0.09196915 0.08946259 0.10100531
 0.11311971 0.08341139 0.09061488 0.09617068 0.1122476  0.09626497
 0.09094169 0.08823075 0.10060692 0.10467749 0.08660694 0.09526008
 0.08804207 0.10119648 0.0762636  0.08122318 0.10716179 0.1033668
 0.09095262 0.08238895 0.08851224 0.1024531  0.08777985 0.0928765
 0.09215735 0.09778256 0.08998082 0.09172504 0.09206268 0.10658098
 0.09496084 0.08530256 0.08998597 0.09113104 0.10227405 0.08554189
 0.09685993 0.08560104 0.0989177  0.0890247  0.09316853 0.10452093
 0.09855363 0.08692364 0.08466583 0.10691692 0.09393361 0.08360799
 0.0938492  0.08822693 0.08939118 0.0765503  0.08798644 0.08435282
 0.08942589 0.08799992 0.09316965 0.07444834 0.08478562 0.09049054
 0.08678619 0.08504526 0.08581504 0.080216   0.10137089 0.08724305
 0.09178566 0.09264317 0.09114344 0.10894342 0.08367037 0.08328479
 0.11087468 0.08735735 0.09413748 0.08120712 0.08547596 0.098048
 0.08744344 0.08655163 0.09239825 0.08780186 0.10276141 0.09163017
 0.08217917 0.09108163 0.09337338 0.11708674 0.09414389 0.08110925
 0.08418264 0.08655679 0.09780382 0.09155241 0.08006862 0.08550434
 0.09981248 0.12027138 0.11270499 0.11760726 0.11343317 0.08484139
 0.08086987 0.08153457 0.08231208 0.09575973 0.0912998  0.09727878
 0.09597829 0.09157954 0.08996377 0.106131   0.07434855 0.09281596
 0.09003168 0.07912488 0.10678646 0.10322202 0.09119666 0.09718481
 0.10377313 0.09950061 0.08459204 0.09741803 0.08259758 0.07781908
 0.09023713 0.08430264 0.08777415 0.08175767 0.10562341 0.09714589
 0.09146843 0.08619412 0.08272514 0.09542746 0.08480288 0.08747672
 0.07751863 0.08723715 0.09521366 0.09630007 0.09740696 0.08680266
 0.09320987 0.10301689 0.08274829 0.08613857 0.09504978 0.08686943
 0.0898516  0.10084946 0.10570158 0.08221743 0.09066306 0.10406536
 0.09187432 0.09124332 0.09357746 0.08336427 0.10721167 0.08553982
 0.08276289 0.08975943 0.10396382 0.10157435 0.0868083  0.10685238
 0.08023502 0.1004792  0.08229333 0.09204765 0.08132897 0.09842708
 0.110231   0.11556648 0.10648293 0.08102297 0.08361051 0.07610812
 0.08662812 0.09594806 0.08770773 0.07995643 0.07703231 0.08062664
 0.08879669 0.09747683 0.08063329 0.12661549 0.09763916 0.08962661
 0.10067341 0.08822207 0.08074632 0.09378838 0.09052182 0.06923107
 0.11675287 0.08846612 0.10175809 0.09095646 0.0890115  0.08510133
 0.08914674 0.09278292 0.08358427 0.09108536 0.10254677 0.08960453
 0.07864264 0.08211989 0.08592603 0.08307345 0.10029063 0.07787255
 0.08218271 0.09187444 0.10275716 0.07932304 0.09370846 0.08260154
 0.08681561 0.0730566  0.09873748 0.08166551 0.07977383 0.11580319
 0.09818868 0.09903644 0.10263554 0.08367831 0.09034994 0.11728866
 0.09262961 0.09152574 0.09024832 0.0859635  0.08602325 0.10816879
 0.07767649 0.08818551 0.08190705 0.09167239 0.09059637 0.09047831
 0.08545564 0.08089487 0.10825175 0.08780433 0.08328649 0.09856066
 0.08278253 0.09505809 0.09672489 0.10030357 0.10079366 0.10172081
 0.10290314 0.0850653  0.09394839 0.08612396 0.0844915  0.07470123
 0.09533975 0.08012586 0.08878141 0.07458545 0.09036479 0.09456064
 0.09535579 0.09215303 0.08951677 0.10498861 0.098024   0.09563622
 0.098681   0.08425634 0.09099123 0.09265394 0.07834042 0.1027084
 0.09932215 0.08881017 0.09182807 0.08671148 0.0797526  0.09404747
 0.08989932 0.10675033 0.09134613 0.09306012 0.10059431 0.09577074
 0.10918954 0.08246008 0.0855866  0.08598381 0.08817303 0.11132866
 0.09418366 0.09037367 0.08162397 0.07613425 0.0967018  0.10890601
 0.07573339 0.09277559 0.10849528 0.08842804 0.07608787 0.0818533
 0.1077123  0.09612608 0.10045549 0.08621947 0.09621512 0.0982505
 0.08654902 0.09647912 0.09429596 0.09199788 0.08130307 0.10682297
 0.11240006 0.09577932 0.0970526  0.09192807 0.08615638 0.09724757
 0.07795733 0.09149518 0.09524367 0.08178094 0.11114981 0.085608
 0.09099911 0.08342334 0.07402419 0.07739387 0.0754632  0.08848985
 0.08494469 0.0774434  0.09343409 0.08065718 0.0859047  0.09134663
 0.08017012 0.07855532 0.08863993 0.09816257 0.08870606 0.08425558
 0.0915065  0.077041   0.08405593 0.0960812  0.07206896 0.09151094
 0.08707158 0.09751131 0.08654078 0.10247024 0.10322425 0.09848903
 0.09594597 0.09034124 0.07772315 0.07791497 0.08131501 0.08953013
 0.09072346 0.09965854]
Loss History Trained 2
[0.55313656 0.56713033 0.53715654 0.54276723 0.55379847 0.52214378
 0.53237625 0.50820466 0.51436632 0.49617013 0.47689693 0.48202729
 0.49202554 0.46836836 0.45452953 0.44115248 0.44497747 0.40798889
 0.41151509 0.40412794 0.3972413  0.3862237  0.36893139 0.35500503
 0.33185518 0.32687552 0.31485097 0.31696334 0.30774278 0.28975693
 0.29257196 0.27837504 0.26394077 0.24489593 0.25561052 0.24165513
 0.24211508 0.2199632  0.22018611 0.22767617 0.20647834 0.19862877
 0.18811335 0.17650933 0.17703378 0.19176028 0.16853886 0.18382087
 0.17500201 0.15814751 0.1580085  0.15187382 0.15978249 0.16111784
 0.15209002 0.14367848 0.15348199 0.15228303 0.13781827 0.15635814
 0.15667978 0.1407607  0.13710536 0.14105897 0.14195923 0.13526163
 0.13567006 0.15412618 0.13241621 0.13957862 0.13854489 0.13515018
 0.13078667 0.14178247 0.13553702 0.14262842 0.13913751 0.14304619
 0.14668805 0.14581965 0.13471337 0.14857292 0.14657349 0.13709854
 0.12489964 0.13317341 0.14814738 0.13342212 0.13586199 0.13507677
 0.13404941 0.13308311 0.13844076 0.12637374 0.12242936 0.13519446
 0.12846145 0.12519676 0.15318466 0.13748043 0.13467543 0.14793433
 0.13121335 0.13101553 0.13342091 0.12819556 0.13902489 0.12088094
 0.1341365  0.12318692 0.11777136 0.12856484 0.13206387 0.14513034
 0.14031578 0.13468115 0.12123897 0.13500882 0.13012462 0.12501862
 0.13954569 0.12535126 0.12341755 0.11399649 0.12686511 0.12425527
 0.13789866 0.13523856 0.12370252 0.11856333 0.14269086 0.13448655
 0.12689226 0.13349122 0.12641821 0.11695814 0.12097346 0.11599616
 0.13311034 0.13649031 0.1226675  0.1238465  0.13643699 0.12148931
 0.12515545 0.13490442 0.12480128 0.12246594 0.12130927 0.12763854
 0.13546675 0.12764742 0.11898612 0.12009107 0.11865213 0.13127682
 0.11638927 0.12437749 0.11408394 0.11184627 0.13248708 0.13097674
 0.14048989 0.13421666 0.11744573 0.11409817 0.11373764 0.11236557
 0.12359541 0.13564859 0.13554018 0.11817838 0.12492236 0.12394622
 0.120713   0.12561743 0.11575643 0.12407825 0.12043692 0.11124976
 0.12288738 0.11727861 0.12652032 0.12209714 0.10984109 0.13197418
 0.116282   0.11742654 0.13133879 0.12926484 0.11595309 0.11394426
 0.12512308 0.12548544 0.10715903 0.1234562  0.11879619 0.11563681
 0.11369196 0.12563367 0.11200076 0.11079232 0.13574545 0.11441917
 0.12310159 0.11569271 0.11671747 0.11398632 0.11701418 0.12755907
 0.1294287  0.1245751  0.10770585 0.10787632 0.11554952 0.11780723
 0.12132281 0.10100601 0.11793763 0.11724839 0.12160684 0.11782333
 0.1158948  0.10179593 0.11824857 0.10753343 0.1279344  0.11865476
 0.12596982 0.13111985 0.10834852 0.10848887 0.12109545 0.11710371
 0.11297575 0.11602647 0.10849084 0.10906413 0.11893147 0.11939249
 0.11075502 0.11238834 0.09696972 0.12110521 0.11059905 0.11615484
 0.10164715 0.11956536 0.1247057  0.11682327 0.10615073 0.11064507
 0.11091815 0.11755209 0.10731336 0.12446138 0.10098264 0.1069645
 0.1301732  0.10586915 0.12505311 0.10812052 0.1117822  0.10335524
 0.10145882 0.11967062 0.11547188 0.11012145 0.10732099 0.11974859
 0.11527757 0.12245464 0.1055364  0.10470915 0.10784394 0.12022981
 0.10636581 0.10268029 0.11853027 0.09088851 0.11199226 0.11939371
 0.11223488 0.12228943 0.11007603 0.10547809 0.11572187 0.11044635
 0.09712729 0.11445409 0.11340586 0.10387222 0.10636005 0.10670937
 0.11205344 0.09669537 0.11773025 0.10347115 0.10091103 0.12023419
 0.11245802 0.10071387 0.09954432 0.09671448 0.10603563 0.11022715
 0.11611353 0.10381324 0.09754336 0.1067151  0.10030553 0.09475976
 0.09408489 0.11305315 0.10156251 0.13134594 0.10302053 0.12488287
 0.09722593 0.11032682 0.11915709 0.11414683 0.11294466 0.08920789
 0.10941516 0.10704335 0.11049893 0.1085843  0.12420646 0.10101895
 0.0998341  0.09241878 0.10733898 0.09720451 0.0994807  0.10923528
 0.10804616 0.09676619 0.09857396 0.11197748 0.08950559 0.10738083
 0.11823072 0.10107486 0.08576146 0.09940664 0.10024396 0.09811799
 0.11110647 0.10698207 0.12176473 0.10848003 0.10698225 0.1036767
 0.09362276 0.11733592 0.09409886 0.10994466 0.11111664 0.11244358
 0.09738594 0.09712246 0.09787185 0.08989923 0.10474161 0.10732963
 0.09507718 0.09554657 0.08473748 0.10045135 0.08549256 0.10031719
 0.08706899 0.09807212 0.08954963 0.09856171 0.09090161 0.09076045
 0.10733325 0.10863036 0.09434817 0.08729211 0.10068902 0.11061673
 0.10582314 0.08133451 0.08525471 0.0920713  0.09323528 0.10531079
 0.10948618 0.09421826 0.09813383 0.08824072 0.1041756  0.12763381
 0.09057721 0.10522752 0.09202314 0.10309527 0.09521453 0.08752553
 0.09283683 0.11396161 0.11750132 0.09226626 0.09843996 0.09578448
 0.09356348 0.08764424 0.10214856 0.09591839 0.10922991 0.09738989
 0.08629481 0.09491656 0.10193476 0.08415072 0.11394221 0.09054771
 0.10551968 0.10008804 0.09069144 0.08045164 0.09106544 0.08825387
 0.09216464 0.08661293 0.09560755 0.08781116 0.0969057  0.09191451
 0.08972353 0.09674926 0.09787143 0.09330977 0.08447452 0.1170002
 0.08854524 0.07728175 0.10420195 0.09676168 0.10111158 0.0935357
 0.09573968 0.09047515 0.09267546 0.10175732 0.10138985 0.08334162
 0.09793565 0.08065645 0.07856211 0.0977662  0.11302488 0.13865422
 0.0883167  0.09983433 0.09729311 0.08189522 0.07747377 0.08279573
 0.09184898 0.09126919 0.09932004 0.0843929  0.0860701  0.09592908
 0.08438551 0.10705763 0.09402853 0.0960842  0.08086545 0.08611569
 0.10210692 0.08939186 0.08337758 0.07601211 0.0995948  0.0960093
 0.07448902 0.09472561 0.09073449 0.07410546 0.0769222  0.08523591
 0.079356   0.07820933 0.07566812 0.09573933 0.09983161 0.09072495
 0.10524652 0.10474673 0.09217882 0.10231701 0.09373484 0.08053992
 0.072999   0.09101954 0.07982913 0.0925743  0.08561357 0.0829191
 0.08000464 0.09010377 0.07484711 0.08397616 0.09531299 0.0794816
 0.09533332 0.07796073 0.08215832 0.09793656 0.09769054 0.09570078
 0.0813162  0.09547908 0.07757575 0.06763803 0.08173116 0.07917886
 0.0780502  0.09249043 0.08763236 0.10664291 0.07754689 0.09046571
 0.08467402 0.08590435 0.07661218 0.08227602 0.09675154 0.09162298
 0.0922128  0.07903859 0.07396105 0.07773637 0.08586429 0.07341032
 0.06848587 0.07730137 0.08700016 0.07647013 0.09889951 0.09808263
 0.07444101 0.08859635 0.07351207 0.08827868 0.06657627 0.07476878
 0.1028551  0.07755098 0.07168601 0.0948867  0.07714599 0.09022753
 0.08469583 0.07596577 0.08622103 0.09219762 0.08513312 0.06888446
 0.09053355 0.07686979 0.08350607 0.06769684 0.09668044 0.08915935
 0.08923921 0.10354853 0.07143082 0.06988565 0.08614881 0.07727664
 0.08786701 0.08377441 0.07565039 0.07912302 0.07984817 0.07685899
 0.05793639 0.07057687 0.07584378 0.08663845 0.083727   0.08534594
 0.08327284 0.07486892 0.07613201 0.06546557 0.08707165 0.07169129
 0.06717388 0.08467569 0.07262347 0.09299441 0.08032872 0.06428114
 0.0669278  0.07217123 0.0816628  0.06732875 0.07584943 0.08755562
 0.07087089 0.06864932 0.07049167 0.08346825 0.08077879 0.06526223
 0.07117686 0.07042686 0.08007808 0.08268152 0.07562946 0.1001284
 0.06944805 0.09042034 0.08300219 0.07239761 0.07405187 0.07588904
 0.07772038 0.07891113 0.07559603 0.08044317 0.09356946 0.08207432
 0.06555551 0.08658581 0.10494485 0.06908964 0.07040403 0.06994884
 0.07329621 0.072391   0.06555169 0.06702002 0.09077338 0.07943811
 0.07744533 0.07943791 0.08396027 0.07715328 0.07256504 0.07700112
 0.07957342 0.07150736 0.08501322 0.06345794 0.07779026 0.07780337
 0.06667235 0.07435623 0.07223449 0.0855946  0.0716158  0.05652729
 0.06382073 0.08320498 0.06930473 0.06308587 0.05627474 0.06759491
 0.07209012 0.07632861 0.0726291  0.08619774 0.07619649 0.07941864
 0.07495312 0.07881234 0.0666321  0.05356541 0.07908475 0.06145162
 0.08852998 0.06811818 0.07568766 0.07660138 0.07758084 0.07738224
 0.05926871 0.07182904 0.06117799 0.06816204 0.08441414 0.06032996
 0.07821671 0.06362372 0.08934608 0.07099546 0.08473011 0.05784912
 0.06843884 0.07720044 0.07022287 0.06799401 0.07438355 0.06486127
 0.07096589 0.07541026 0.05560311 0.06263231 0.06406906 0.06499098
 0.0570017  0.08100453 0.08614057 0.08173817 0.05940059 0.06333008
 0.07031796 0.06890571 0.06433457 0.05812554 0.05958219 0.05957143
 0.06190018 0.05624976 0.07651872 0.06966209 0.06062474 0.06363474
 0.05934588 0.07147334 0.07539645 0.08023939 0.07446499 0.0828101
 0.05586277 0.06713554 0.07186054 0.07614378 0.05398398 0.06728202
 0.07913518 0.05869985 0.07702011 0.05922026 0.08912275 0.08642427
 0.08872823 0.06555867 0.06319246 0.0683164  0.06051961 0.06471446
 0.05877509 0.06847271 0.0609456  0.04964116 0.08334577 0.06999874
 0.05826922 0.07315481 0.0601301  0.06410581 0.07584585 0.08498611
 0.05943305 0.06418163 0.07550611 0.08784822 0.06408291 0.09482214
 0.06344933 0.06568061 0.06286001 0.06952164 0.05909654 0.07473377
 0.05379878 0.06296282 0.06532472 0.07578774 0.0679885  0.06827527
 0.05739739 0.0818668  0.05991979 0.0550703  0.07267603 0.066129
 0.07447596 0.07077596 0.04785465 0.05902092 0.06946217 0.07489603
 0.05675101 0.05789916 0.07009365 0.07523705 0.06791371 0.07036772
 0.05369566 0.0729991 ]
Loss History Trained 3
[0.52155636 0.52323357 0.52888354 0.50247188 0.50725759 0.51431255
 0.4845673  0.50242354 0.46180217 0.45522158 0.44262218 0.42594958
 0.42511178 0.43163734 0.39602971 0.4077861  0.38168904 0.35167838
 0.36112257 0.3490955  0.3315803  0.32619454 0.33497393 0.32553433
 0.3185058  0.29704833 0.30561407 0.27958405 0.27827592 0.28172103
 0.27207017 0.26291446 0.25672235 0.25192535 0.24244345 0.24125819
 0.24495602 0.22070124 0.23669764 0.22478279 0.22484048 0.22146973
 0.22706515 0.20279462 0.2038186  0.20623167 0.19635205 0.20090147
 0.18374978 0.17777506 0.18814916 0.19368971 0.16485977 0.16377294
 0.17238502 0.1693983  0.17564336 0.15887708 0.17833629 0.15851591
 0.14651649 0.14838423 0.14379887 0.1468322  0.13879086 0.15452012
 0.12710833 0.14372556 0.14842851 0.13536476 0.11752139 0.11630282
 0.12060537 0.11475866 0.10920763 0.1042049  0.10168417 0.09847961
 0.10230509 0.08846307 0.08352485 0.09135153 0.09644915 0.0799929
 0.09913718 0.08577782 0.07193686 0.09406867 0.07585345 0.07889474
 0.07896233 0.08919763 0.08762842 0.06041342 0.06587981 0.07142802
 0.08430279 0.08757553 0.07413776 0.05786977 0.08850453 0.06285862
 0.05294444 0.05683911 0.05543041 0.07113802 0.07352198 0.08413557
 0.06881041 0.05684117 0.05488955 0.07667932 0.07262303 0.05879397
 0.08321244 0.06225559 0.0622611  0.06589042 0.05259223 0.05758307
 0.07622932 0.06620746 0.07009481 0.06000029 0.06683446 0.05645925
 0.07665475 0.04713019 0.06496015 0.05664706 0.05388691 0.07722511
 0.06543152 0.08018481 0.05719815 0.0630336  0.06112318 0.05113117
 0.04491223 0.05291508 0.06719174 0.05755745 0.04473507 0.04579881
 0.05384842 0.0478735  0.06807494 0.04293113 0.06300182 0.05389446
 0.04365265 0.04868147 0.06477986 0.07307134 0.06484241 0.05760436
 0.04884997 0.0635069  0.05687822 0.05045734 0.04917383 0.06370388
 0.06062122 0.05097326 0.05704493 0.05480316 0.05373229 0.04833859
 0.06314677 0.05400443 0.05812983 0.07474761 0.06821872 0.04830534
 0.06602171 0.04706327 0.05510017 0.05132988 0.07588773 0.05944359
 0.05264089 0.04950805 0.06768721 0.06468634 0.05174105 0.04899858
 0.05186331 0.06311824 0.05163583 0.04657851 0.03934196 0.05034698
 0.05605893 0.07850336 0.05796097 0.05245678 0.05539308 0.05038306
 0.05568896 0.06116776 0.05338296 0.04203756 0.05197578 0.04745855
 0.06333466 0.04677361 0.04341778 0.06979893 0.058187   0.05661943
 0.04650907 0.05220092 0.04663495 0.0446656  0.0450325  0.07153781
 0.04002966 0.05270783 0.05162881 0.03988493 0.07052251 0.04402993
 0.06616246 0.03920649 0.06252249 0.05613053 0.0487214  0.06625054
 0.06413057 0.05088071 0.04534062 0.05502874 0.03796291 0.04935854
 0.05820278 0.05847888 0.04660823 0.05706782 0.05089305 0.05440692
 0.06588538 0.04173391 0.04777257 0.03860793 0.04660973 0.05340405
 0.05288861 0.05505337 0.0646324  0.04337308 0.05604664 0.04611962
 0.04058003 0.05235642 0.03962842 0.06724434 0.04584601 0.04823677
 0.04712875 0.0749237  0.06485139 0.0528114  0.06244576 0.04419685
 0.05819765 0.05178045 0.04312826 0.0507526  0.05736991 0.04436285
 0.06503599 0.04948769 0.05888296 0.05988517 0.05027319 0.05250245
 0.0388952  0.0579981  0.05916103 0.0683126  0.03804493 0.05702285
 0.0459806  0.04093755 0.0401023  0.04637339 0.04313998 0.05481084
 0.034798   0.04923691 0.05650633 0.04523599 0.04882822 0.03775023
 0.05911388 0.06743786 0.05647126 0.04482416 0.05436878 0.06370337
 0.067178   0.03701953 0.0511864  0.06490988 0.04347012 0.0417724
 0.05467475 0.04826877 0.04459214 0.05390484 0.04091435 0.04770352
 0.05566616 0.05265342 0.03866068 0.05390474 0.04327279 0.06386644
 0.05552771 0.04264292 0.05779716 0.07050622 0.04980975 0.04237649
 0.04186609 0.03727648 0.05342833 0.04011099 0.05351154 0.03996432
 0.04490083 0.03885891 0.04904926 0.05554149 0.0534721  0.05346428
 0.05130965 0.05442381 0.0381443  0.0549852  0.04349076 0.04551871
 0.07364403 0.043923   0.04487224 0.0615065  0.05659683 0.04943599
 0.05006786 0.03806586 0.07633632 0.05174112 0.05829645 0.05128633
 0.04222072 0.04898246 0.07318551 0.04452366 0.05878399 0.05879308
 0.04363672 0.0640114  0.0403303  0.03502515 0.03546584 0.04399906
 0.04893287 0.06308767 0.05319108 0.05126941 0.04693719 0.05095342
 0.05381634 0.03545896 0.03399114 0.07076573 0.03313533 0.04173402
 0.04276685 0.04485688 0.03924315 0.0446974  0.0330097  0.030519
 0.04433612 0.04538246 0.04772123 0.04861214 0.04172239 0.03880999
 0.06007354 0.06086433 0.05060656 0.03629981 0.03534587 0.03951537
 0.04095456 0.0469544  0.04084777 0.04993255 0.0431842  0.03404845
 0.0524111  0.04618736 0.03732733 0.03840243 0.05727392 0.04359422
 0.04954663 0.04588804 0.05419154 0.03071657 0.04681627 0.03835805
 0.04741362 0.04029382 0.03499214 0.04134472 0.04165676 0.0461586
 0.03982663 0.04269541 0.05887448 0.06205326 0.0299236  0.04626746
 0.0497438  0.04513502 0.04166906 0.03653156 0.03351955 0.04624458
 0.05495829 0.04315837 0.05037255 0.05658922 0.04538496 0.05994144
 0.05326844 0.05570342 0.06535108 0.03576187 0.03614371 0.0659888
 0.05091453 0.04852748 0.04351714 0.03638711 0.04638574 0.05474394
 0.04267733 0.06986514 0.04756952 0.05603873 0.05254459 0.06117361
 0.03163463 0.04742757 0.0456259  0.03521875 0.05888699 0.0388954
 0.04815691 0.03805085 0.03627535 0.03288406 0.03437036 0.05117039
 0.06007726 0.05280191 0.04379314 0.05011166 0.0517042  0.06029707
 0.05082006 0.04195716 0.06423722 0.03823542 0.03843049 0.04295956
 0.04701972 0.04013332 0.03476091 0.05536277 0.06768093 0.05699289
 0.04209812 0.03938753 0.04155516 0.04113252 0.05731439 0.05069721
 0.05270822 0.06057795 0.04542608 0.047538   0.05301823 0.04445056
 0.0422652  0.04646862 0.03869179 0.04328569 0.04990557 0.05301903
 0.03920234 0.06273734 0.03691889 0.06379957 0.05918513 0.04880794
 0.04243529 0.05151569 0.04568836 0.0419134  0.0394779  0.0772514
 0.03762413 0.04694643 0.04920944 0.04185466 0.05037366 0.07298771
 0.0688543  0.05173164 0.03295716 0.04490075 0.03895045 0.04042035
 0.05319766 0.06046938 0.05188812 0.05042535 0.0459718  0.0367492
 0.04866935 0.04196137 0.04605077 0.04485365 0.05555279 0.05176755
 0.03247576 0.0323154  0.05287122 0.03514816 0.04628278 0.05314571
 0.04997196 0.05475547 0.06028235 0.06480511 0.04622394 0.04579018
 0.03242163 0.05523814 0.06034584 0.04735548 0.03456304 0.04319723
 0.04955779 0.0455949  0.05916121 0.05372809 0.04303741 0.05036926
 0.0621257  0.06037818 0.05594629 0.04745146 0.05413628 0.06204411
 0.06168909 0.05499903 0.04213207 0.0511096  0.07288893 0.04003143
 0.05379901 0.05259879 0.04794649 0.04497102 0.03875132 0.04804562
 0.03685838 0.07227512 0.05052335 0.0514038  0.04045782 0.03466928
 0.03850377 0.06659092 0.04370278 0.04559303 0.04600394 0.0441951
 0.07164098 0.05310451 0.05344789 0.06975328 0.04318243 0.03927399
 0.05190957 0.0502694  0.06438535 0.04708068 0.03373925 0.06173348
 0.0580252  0.05232785 0.04327346 0.05071512 0.06936814 0.04530633
 0.04720911 0.05279517 0.04108775 0.06105553 0.04513823 0.04245347
 0.05857647 0.02984918 0.05710742 0.06929948 0.05044878 0.03564115
 0.04597478 0.03144572 0.05799614 0.04661602 0.04102927 0.03764691
 0.03875398 0.05347355 0.04594312 0.05030353 0.05380463 0.04657962
 0.03368124 0.04165771 0.05828491 0.05148823 0.04589386 0.07927792
 0.06057757 0.0419112  0.05587625 0.03980305 0.04770787 0.05519508
 0.05126967 0.05775613 0.03514785 0.0467037  0.04356462 0.04173351
 0.05792516 0.04810934 0.04545962 0.0518748  0.02734    0.04292564
 0.03855536 0.03552192 0.03818986 0.05440809 0.03610717 0.06475626
 0.0399935  0.03051289 0.05535326 0.04550858 0.05226009 0.0409163
 0.04575078 0.0637128  0.04849139 0.05444609 0.03593268 0.04892863
 0.05659637 0.02753562 0.03528805 0.06316058 0.0587309  0.06935167
 0.05001302 0.03185447 0.06306014 0.07758523 0.04478949 0.0523676
 0.05303285 0.04847539 0.03445973 0.06790325 0.04767836 0.05270975
 0.04835839 0.03878454 0.03409704 0.05142039 0.03911458 0.06026348
 0.05442611 0.0443395  0.02852861 0.0438358  0.05305361 0.04689172
 0.04347322 0.06269949 0.04966516 0.05134648 0.08178848 0.04535535
 0.04104142 0.04572242 0.0524216  0.04759698 0.0360951  0.05087999
 0.04459792 0.05081739 0.05450303 0.04419849 0.05573819 0.04964547
 0.04503555 0.0461326  0.05093596 0.04616037 0.05247571 0.04527005
 0.04100397 0.06951852 0.07448473 0.04690963 0.03478273 0.03051468
 0.05889141 0.04886253 0.07823168 0.05436626 0.04388071 0.03728277
 0.05773028 0.03523272 0.03797069 0.06921681 0.03530111 0.04909909
 0.05106144 0.04402796 0.04575814 0.04919851 0.06874074 0.04640406
 0.05160891 0.03391282 0.04267156 0.04482132 0.03918648 0.03644452
 0.04301154 0.0488621  0.07051249 0.05848167 0.05098355 0.03095855
 0.03499455 0.04259124 0.04975469 0.05744673 0.0849269  0.04685738
 0.04961866 0.04058278 0.0361657  0.05556034 0.04677184 0.04076322
 0.04110256 0.05400982 0.05136363 0.047131   0.05071554 0.04119458
 0.05040247 0.03247326 0.03473507 0.04540338 0.06208613 0.04323799
 0.05079403 0.03959867 0.06420909 0.03770868 0.03525169 0.0431953
 0.05831042 0.04651646]
Loss History Trained 4
[0.56857617 0.56758287 0.55880801 0.55100989 0.54368102 0.52929128
 0.5116727  0.49760364 0.48072086 0.47007925 0.44334345 0.42818198
 0.41138001 0.39510508 0.37683594 0.35592836 0.33862105 0.32461886
 0.31189896 0.30860397 0.29505168 0.28435687 0.27220213 0.26897276
 0.26460166 0.26092383 0.26668656 0.25082144 0.23059829 0.23467723
 0.22983709 0.22057872 0.22092073 0.20660354 0.20856253 0.2089898
 0.18557106 0.18881697 0.17683155 0.18759781 0.17563491 0.17196173
 0.17722106 0.1709234  0.16102776 0.14872597 0.15556244 0.15779875
 0.14086952 0.14375731 0.13000589 0.14376239 0.15277421 0.1277408
 0.14243565 0.14049301 0.13611377 0.13121859 0.12385114 0.1359653
 0.15428309 0.14545663 0.14220589 0.12267215 0.14844361 0.12176106
 0.13020289 0.125877   0.12118451 0.12130469 0.13498822 0.1219529
 0.12594065 0.12964992 0.12851697 0.13028948 0.10613515 0.11379686
 0.11803162 0.11657913 0.11485281 0.10309453 0.12354702 0.12124472
 0.11826023 0.10489053 0.095422   0.11648971 0.11001458 0.10198186
 0.09873851 0.10486467 0.10696167 0.12186364 0.10728473 0.11885158
 0.10922775 0.11560574 0.10205755 0.12751771 0.11410401 0.10642864
 0.10378651 0.10142668 0.09539783 0.09204565 0.11615249 0.1051192
 0.1169994  0.09913374 0.11936433 0.10598107 0.10777953 0.10426639
 0.09266939 0.10036162 0.10798735 0.0955169  0.10675439 0.09993323
 0.10316607 0.09686437 0.10312569 0.09764688 0.09432176 0.09975933
 0.0953664  0.10112849 0.0968118  0.08495052 0.13405238 0.10327667
 0.08614881 0.0871387  0.11521113 0.10784005 0.1184015  0.09605575
 0.11065201 0.09169855 0.09180377 0.09939011 0.08997567 0.0863594
 0.08703215 0.09167235 0.10145774 0.09200939 0.09132251 0.09135693
 0.10959046 0.09137315 0.09829199 0.09402473 0.08870478 0.08105753
 0.09227515 0.08812855 0.08540217 0.09488771 0.08240215 0.08307264
 0.11169411 0.08466239 0.085418   0.09193415 0.09638229 0.07959363
 0.08478742 0.08369317 0.1144055  0.08007975 0.1254042  0.09007071
 0.09914469 0.09419132 0.08660517 0.08478806 0.08258942 0.09975488
 0.07877062 0.08217887 0.08478639 0.1020741  0.09279925 0.08349926
 0.08760492 0.09171855 0.08752106 0.09918149 0.08982345 0.09452802
 0.08247315 0.10823831 0.09376571 0.09767686 0.0864784  0.10604007
 0.08423698 0.07939111 0.07762238 0.08554128 0.07678317 0.09118464
 0.09400083 0.09496498 0.09759725 0.08400151 0.08431254 0.0794697
 0.09155961 0.09060845 0.08120753 0.07677635 0.07087824 0.07304588
 0.07631228 0.09280737 0.07898088 0.10180137 0.09807745 0.09221247
 0.10627465 0.09181087 0.08530518 0.07825992 0.06635146 0.0813901
 0.08139834 0.09340094 0.07737157 0.07418648 0.08463743 0.08185596
 0.0787557  0.08125163 0.0723488  0.07150667 0.0816762  0.07808498
 0.08854229 0.0774685  0.08636866 0.08968078 0.07413921 0.07722824
 0.08125041 0.08082896 0.07481536 0.08302149 0.0713664  0.10289111
 0.06394457 0.09474476 0.0700928  0.07405248 0.08603222 0.0838997
 0.09992256 0.08726377 0.0754485  0.08234005 0.08896827 0.08857374
 0.07711727 0.08370799 0.08864534 0.07105403 0.08118555 0.08457587
 0.07420219 0.09007965 0.07717328 0.0815179  0.07873604 0.06941805
 0.06910704 0.07961908 0.07373175 0.085977   0.06760361 0.08221325
 0.07331357 0.07355344 0.0802274  0.06849546 0.0670013  0.06717915
 0.06820274 0.07766058 0.07911689 0.07807744 0.07364319 0.06766076
 0.07625597 0.08762754 0.09055655 0.09444424 0.07023278 0.08083726
 0.07871126 0.07340008 0.08164531 0.08188808 0.08090461 0.09271319
 0.07347565 0.06697962 0.06935966 0.09136009 0.08199601 0.0716267
 0.09772065 0.08031527 0.09458969 0.08589292 0.08070829 0.08440548
 0.06547211 0.07402655 0.06733949 0.09656865 0.07720456 0.0800428
 0.06922364 0.07004101 0.06911617 0.0927181  0.07373554 0.08422126
 0.07261006 0.06937004 0.07493179 0.06643249 0.06845436 0.07897026
 0.09690807 0.07016293 0.06847511 0.06433669 0.08934172 0.07300565
 0.08407272 0.07531297 0.07031456 0.0906371  0.07777664 0.08295437
 0.08482922 0.0728778  0.07125443 0.0678936  0.0790681  0.07775899
 0.07370813 0.07616985 0.07379692 0.0752457  0.07691369 0.07946772
 0.07462071 0.08495549 0.08135061 0.08449946 0.08801435 0.0705352
 0.08417585 0.07299562 0.06473839 0.08705249 0.08433451 0.084383
 0.07664165 0.07771259 0.08026782 0.07861645 0.06113764 0.09371597
 0.06683636 0.09242296 0.08718423 0.06556102 0.0725677  0.07863392
 0.07396497 0.07484795 0.09579194 0.08234583 0.077822   0.07772279
 0.0708052  0.07121276 0.06268877 0.08248522 0.07016177 0.10011224
 0.06808261 0.08526059 0.06929829 0.06064554 0.0905627  0.06929291
 0.06659392 0.06326674 0.08113479 0.08201398 0.05749976 0.06930601
 0.06295381 0.06391669 0.08023928 0.08309444 0.08698679 0.07434696
 0.06223434 0.07507507 0.06654949 0.08014627 0.08945671 0.06520993
 0.08411149 0.08071243 0.082654   0.07215099 0.06757651 0.08205026
 0.0765477  0.09077359 0.07134028 0.0687224  0.07835616 0.06994906
 0.07609067 0.06819303 0.08023997 0.07491448 0.07516786 0.08892262
 0.07252571 0.09212328 0.08511539 0.07462569 0.06990144 0.06851696
 0.07232664 0.07664234 0.06046814 0.0859615  0.06343861 0.08156473
 0.07901875 0.08317265 0.0740904  0.06424943 0.06036099 0.06004481
 0.06618231 0.07174997 0.07540629 0.07860304 0.07684086 0.05892152
 0.08732072 0.08083399 0.08150485 0.07918555 0.09647793 0.0884585
 0.08473972 0.07762834 0.07005303 0.08690855 0.07556548 0.06959033
 0.06796085 0.05899844 0.05677054 0.06417247 0.06754317 0.05814816
 0.06425298 0.06579091 0.07559737 0.07170472 0.07360936 0.08615222
 0.06364008 0.05899996 0.0621569  0.07988723 0.08537188 0.07402312
 0.06967647 0.07824978 0.06876424 0.07991912 0.06472702 0.05548514
 0.07205501 0.06399799 0.07586722 0.07498983 0.06846437 0.06764141
 0.07536583 0.082357   0.05962919 0.06019796 0.06874471 0.08914559
 0.08942034 0.09216953 0.09213585 0.08821152 0.06194189 0.06943694
 0.0821203  0.07761204 0.07543916 0.06963163 0.0660743  0.07897357
 0.07210908 0.06577303 0.07115773 0.08142661 0.0686889  0.07583183
 0.09518852 0.08270764 0.07079428 0.07449455 0.0659825  0.06287859
 0.07205744 0.06274458 0.09117223 0.05931275 0.06286854 0.09052067
 0.07650144 0.06453703 0.05331404 0.08381936 0.06818114 0.07942737
 0.07887349 0.06822331 0.06416409 0.05923067 0.07977288 0.07393983
 0.06905301 0.06915832 0.07893619 0.06216783 0.07699675 0.0689075
 0.05859924 0.0770105  0.06792641 0.07915286 0.08161368 0.08217585
 0.08598913 0.0722599  0.0591289  0.09033449 0.06466982 0.06313936
 0.05835188 0.06510751 0.06340781 0.05701045 0.0720771  0.06592883
 0.06739512 0.07693184 0.0731869  0.07016388 0.06721356 0.07785075
 0.064296   0.07938278 0.06265985 0.06716802 0.0628307  0.07008157
 0.05801483 0.05861243 0.07566332 0.08464702 0.06268155 0.07204253
 0.06764783 0.0669371  0.06811215 0.06374097 0.059918   0.06311008
 0.06962959 0.0677877  0.0650608  0.07183191 0.08121027 0.06324387
 0.06805904 0.06909758 0.07685236 0.06007952 0.05665235 0.06179513
 0.07030657 0.07181484 0.06906668 0.06125873 0.05853464 0.06993344
 0.08463281 0.07899964 0.1017943  0.05672972 0.06034637 0.06251287
 0.07946108 0.07248686 0.09354224 0.0659496  0.07143001 0.07001612
 0.07264494 0.06243865 0.06462477 0.08574239 0.08419138 0.06021498
 0.08124736 0.06159809 0.06685014 0.06527777 0.06239997 0.07225447
 0.05962464 0.0764519  0.08038385 0.07558473 0.07304566 0.07854578
 0.07524314 0.06492306 0.06050494 0.06003623 0.06129901 0.05969472
 0.06202958 0.07114182 0.05919934 0.06475791 0.0820289  0.05655765
 0.06702139 0.06222358 0.06254634 0.07390026 0.07430107 0.06529462
 0.0636575  0.08935463 0.05831506 0.05982844 0.05337592 0.05509483
 0.06805972 0.08734076 0.05298657 0.07529022 0.06686811 0.06437058
 0.07042387 0.0794559  0.06517763 0.06347874 0.06377856 0.06937241
 0.06607413 0.06198614 0.07512198 0.0910211  0.07465934 0.06870614
 0.07019787 0.06584215 0.0672971  0.08019214 0.05827964 0.05416784
 0.06514224 0.0596479  0.086133   0.07050595 0.06881173 0.0660943
 0.05025391 0.06767413 0.07854829 0.061539   0.05636953 0.05968092
 0.05673815 0.0719596  0.07986167 0.06411324 0.07460778 0.05226151
 0.06258664 0.06211747 0.05481334 0.06532969 0.07615276 0.05929369
 0.05675379 0.07344407 0.089833   0.05652064 0.06915446 0.06045782
 0.06432953 0.05835513 0.06063921 0.05911301 0.06036527 0.0617646
 0.07571155 0.07601627 0.06433293 0.07599119 0.05660419 0.07305552
 0.05081898 0.06417968 0.0769997  0.05129287 0.06351465 0.05509111
 0.06880584 0.05564436 0.08973561 0.07101581 0.08366984 0.07763364
 0.06679934 0.06369904 0.07369268 0.0704774  0.08186698 0.07381397
 0.07815612 0.04922591 0.0823241  0.06827424 0.07242218 0.06090065
 0.06143969 0.06854174 0.09059515 0.07335923 0.06842196 0.07083195
 0.06196335 0.07172553 0.07327155 0.07234365 0.06227957 0.06724647
 0.06389217 0.05874556 0.0759659  0.07816253 0.060622   0.07410176
 0.05766604 0.07049595 0.04935335 0.06466684 0.07557381 0.0545359
 0.05502884 0.08260479 0.07148791 0.0565314  0.06068372 0.07310949
 0.05687851 0.06528553 0.06141674 0.06420875 0.06940709 0.07869758
 0.06455549 0.05789651]
Loss History Trained 5
[0.46345607 0.45842128 0.45470565 0.44715782 0.44418858 0.44353798
 0.43036021 0.4252344  0.4196573  0.41199063 0.40366953 0.39505378
 0.38986022 0.38187477 0.37880058 0.37098083 0.36053875 0.34985841
 0.34196589 0.34241617 0.34192071 0.33119667 0.32618707 0.31913829
 0.30421003 0.29209802 0.28400699 0.285329   0.2810031  0.26426888
 0.26852179 0.24987105 0.25155549 0.23189885 0.23384143 0.23417118
 0.21600224 0.20224264 0.20477412 0.20328351 0.20272073 0.19213695
 0.17312727 0.18146395 0.18498432 0.16992343 0.17601292 0.15781113
 0.15299179 0.15312801 0.14426288 0.13997377 0.14035489 0.14802979
 0.13499237 0.13973883 0.12681363 0.14034892 0.13138078 0.14693538
 0.14021772 0.14023441 0.13494287 0.13749295 0.12850436 0.13631414
 0.11955612 0.13694051 0.13712386 0.1262254  0.13045914 0.11880872
 0.12308699 0.14085119 0.13465111 0.11994769 0.15162256 0.11629368
 0.12965182 0.13858925 0.12293551 0.12341894 0.12421807 0.12667089
 0.12257036 0.12813324 0.1320351  0.13631876 0.14404824 0.12378106
 0.12402907 0.12362013 0.13602354 0.11988072 0.12544841 0.12642764
 0.12250541 0.11727031 0.12329878 0.11019059 0.12949101 0.13563224
 0.11402996 0.12289513 0.12704781 0.13178383 0.11412552 0.12074293
 0.12157483 0.12763435 0.12066454 0.1216142  0.12914503 0.12026678
 0.13006235 0.12229755 0.11740341 0.13037522 0.11463077 0.12660478
 0.11866381 0.11030689 0.1194425  0.1180155  0.11037097 0.12544918
 0.1168799  0.12059222 0.12610928 0.12964965 0.12040408 0.11088001
 0.1132133  0.1366099  0.11214421 0.14488127 0.1162311  0.12552211
 0.14069586 0.1065738  0.1128165  0.11206182 0.1133907  0.12062128
 0.1215636  0.11130316 0.11196375 0.11323843 0.12532348 0.11307311
 0.12980833 0.12244265 0.11266079 0.1238545  0.12492081 0.13563456
 0.12603539 0.12050298 0.11044763 0.12591419 0.12303347 0.12138832
 0.11782849 0.14072453 0.12064854 0.12740747 0.11523507 0.12206176
 0.12736649 0.10939542 0.13092053 0.1191126  0.10623932 0.12223554
 0.11154142 0.10920143 0.11934973 0.11020666 0.10573695 0.11244693
 0.13086565 0.11821913 0.11599111 0.1133264  0.11899125 0.13813943
 0.11681163 0.13570759 0.11040291 0.10564492 0.10239834 0.1145614
 0.11402969 0.12855024 0.11422492 0.11268909 0.11266971 0.10540347
 0.10501261 0.12221835 0.10586822 0.11101509 0.12887566 0.12030116
 0.11836157 0.10523918 0.11315849 0.10641586 0.12373813 0.11596806
 0.12953128 0.13129361 0.10571159 0.1216349  0.10306909 0.11915808
 0.10906643 0.12075986 0.11405899 0.12527288 0.12646229 0.10732525
 0.10460207 0.11991645 0.11792692 0.11149245 0.11195647 0.1150451
 0.11763104 0.12132645 0.12518501 0.11102479 0.10604493 0.13141499
 0.11312367 0.1234618  0.10209048 0.10511224 0.1112869  0.11490685
 0.10913935 0.10953836 0.11902819 0.12081123 0.11968353 0.12808601
 0.10686209 0.11055037 0.12530312 0.11333181 0.13463192 0.10856597
 0.10029084 0.10815545 0.11282565 0.1167852  0.11152773 0.13063746
 0.13605211 0.10873794 0.11766787 0.1171299  0.12214368 0.09489765
 0.09711715 0.10496277 0.1242417  0.11753904 0.12364998 0.11493781
 0.10060261 0.10735556 0.10329717 0.10086933 0.12113574 0.10851983
 0.10743377 0.094465   0.10245022 0.11728896 0.10224407 0.09984476
 0.10729087 0.10377707 0.11076342 0.09920026 0.10426996 0.0968729
 0.10025518 0.10830889 0.11680145 0.10788627 0.10667682 0.1023185
 0.1132084  0.11252116 0.10023079 0.10787737 0.11850723 0.11734528
 0.10945829 0.11309434 0.09843569 0.1082195  0.0971541  0.10955019
 0.10301991 0.11698467 0.11594642 0.12370511 0.10706438 0.11516576
 0.10983524 0.11053991 0.09632099 0.12204222 0.1085519  0.13620876
 0.10138516 0.09380686 0.09743043 0.10219667 0.1083475  0.10765482
 0.11218788 0.10057132 0.0965142  0.09760799 0.09657662 0.09957122
 0.09833819 0.09575    0.1046665  0.10368225 0.10360418 0.10800834
 0.09481944 0.11035609 0.11637036 0.09223514 0.1115234  0.10072608
 0.09655131 0.11293065 0.10608055 0.11462023 0.09703217 0.09109325
 0.09712946 0.10418605 0.13005689 0.10954489 0.11044871 0.10211161
 0.09941575 0.09268977 0.10629777 0.10353269 0.12526991 0.11248321
 0.09097351 0.0990638  0.10977477 0.11428088 0.09141339 0.08984866
 0.08159472 0.09974585 0.10573894 0.09259485 0.0964233  0.09156847
 0.10313681 0.10023602 0.11074808 0.09160094 0.08331912 0.10460547
 0.08549174 0.09989878 0.10674886 0.09598071 0.1039586  0.09560155
 0.09927335 0.0886596  0.10426238 0.10102578 0.10426326 0.10387157
 0.10623787 0.10624288 0.10557013 0.10070519 0.08942114 0.08649845
 0.08538824 0.08726443 0.09467338 0.09433176 0.08451799 0.1018627
 0.09326923 0.10033568 0.09316221 0.10651034 0.09973738 0.09234907
 0.10860311 0.09201691 0.09719402 0.07735741 0.09670346 0.10472412
 0.1028181  0.09184184 0.09685406 0.09905123 0.09167239 0.109687
 0.082738   0.09958773 0.08816279 0.1009006  0.0947181  0.099455
 0.08821709 0.0830306  0.08645955 0.08651132 0.09549937 0.09518161
 0.09366762 0.09415929 0.08275034 0.08141403 0.09252057 0.08377132
 0.08893368 0.09076129 0.09199902 0.10847861 0.09152836 0.09251113
 0.09168088 0.0835264  0.08279824 0.09369272 0.07442189 0.08916537
 0.09548591 0.08681514 0.09577393 0.08879201 0.07466418 0.09666164
 0.08828278 0.09176266 0.08882543 0.07647266 0.09908463 0.08982845
 0.0819771  0.07842866 0.07251899 0.07942881 0.11326107 0.08987254
 0.09184379 0.09901447 0.09114948 0.0971673  0.09986975 0.0809674
 0.08557878 0.10109638 0.0660391  0.08250897 0.08580512 0.08600275
 0.08591638 0.0841784  0.06936926 0.10217524 0.07627931 0.08540674
 0.08224487 0.07366976 0.08487978 0.07448804 0.10916617 0.09088884
 0.07947766 0.09339439 0.0700662  0.06864594 0.08559906 0.08673717
 0.07971733 0.10563278 0.08818538 0.09010042 0.08682644 0.10521927
 0.08456512 0.07169125 0.08514587 0.08265233 0.08024977 0.08307192
 0.07816109 0.0746519  0.07746187 0.07743281 0.07796144 0.07285258
 0.07779331 0.08179958 0.06980861 0.07825153 0.09139203 0.070044
 0.06466818 0.08629731 0.08053529 0.09245841 0.07821266 0.08835445
 0.10008412 0.08672958 0.08438737 0.08492947 0.07694517 0.08299765
 0.08050375 0.08056677 0.06838795 0.09169092 0.07274125 0.06952945
 0.07226695 0.09473922 0.06869414 0.07270601 0.07714293 0.0871544
 0.08900245 0.09924034 0.06471604 0.07551169 0.09225642 0.07838745
 0.08254583 0.08470064 0.08174261 0.07417344 0.07471687 0.08311851
 0.06945083 0.07962427 0.07695025 0.07279228 0.06641292 0.06945497
 0.06377697 0.08935115 0.07879156 0.0599909  0.06820574 0.09091779
 0.07575727 0.08363599 0.07770217 0.0688917  0.05938257 0.06390712
 0.0715468  0.07366609 0.09457777 0.06630375 0.07138825 0.07181908
 0.06802839 0.07406428 0.05403059 0.07754796 0.07785    0.0759884
 0.07537089 0.0651215  0.08225645 0.08900343 0.07880335 0.08311759
 0.06759252 0.07594644 0.06250537 0.05832772 0.07710442 0.07502928
 0.07044687 0.07836439 0.07523444 0.05568974 0.06094682 0.07407548
 0.06391451 0.07537951 0.06414709 0.05924048 0.06106668 0.0616632
 0.08628336 0.06230306 0.06888667 0.06188844 0.07862398 0.05539564
 0.05948857 0.0717162  0.06128292 0.06965669 0.06950742 0.06352114
 0.07113742 0.06627483 0.0570339  0.07695487 0.06184032 0.09144505
 0.06519975 0.07434068 0.06262707 0.06647429 0.0711527  0.08308518
 0.08437149 0.07542639 0.09983159 0.06512958 0.06040107 0.07002733
 0.08125648 0.07248863 0.0846438  0.08993027 0.07798744 0.09937805
 0.07890991 0.06817248 0.09450288 0.06564091 0.072655   0.06923924
 0.06605229 0.06581974 0.07189862 0.0701027  0.05611785 0.05927663
 0.07462474 0.08540373 0.05734708 0.06546051 0.08446959 0.06576905
 0.05969068 0.07850954 0.07267165 0.0568519  0.05821245 0.08465896
 0.0722375  0.07875491 0.09412863 0.08394883 0.05992199 0.07471905
 0.06991355 0.06208829 0.07439558 0.07476331 0.07701386 0.05723563
 0.07400899 0.06681641 0.06229395 0.08755067 0.06086813 0.06701935
 0.07888774 0.0781361  0.07072637 0.06858433 0.05947692 0.07439038
 0.05633425 0.06775382 0.06046917 0.07761156 0.05908178 0.06548154
 0.06873551 0.05724673 0.07433955 0.07339213 0.06754063 0.05553478
 0.06325726 0.06553001 0.06992206 0.06162794 0.06411498 0.07264592
 0.06980995 0.05221809 0.06165107 0.06573893 0.06172385 0.08629694
 0.08197792 0.05929766 0.08486812 0.06481207 0.07013637 0.08178898
 0.05360948 0.08272879 0.06566949 0.08016395 0.06945563 0.07536551
 0.07724789 0.05794381 0.06599396 0.06577536 0.06390475 0.0620611
 0.05537844 0.06948117 0.07175307 0.06880934 0.07206694 0.06638879
 0.06114217 0.06751724 0.07458073 0.06823575 0.07951595 0.05642207
 0.0806948  0.06070788 0.06335153 0.08744418 0.07186583 0.07160271
 0.07888327 0.0680013  0.08208269 0.05588037 0.07281313 0.06266136
 0.06429298 0.0598033  0.05538342 0.06121894 0.06669379 0.05786458
 0.07977892 0.06296793 0.07543551 0.05728213 0.07292784 0.07819155
 0.0718296  0.05181623 0.08668959 0.07331591 0.06668722 0.06922192
 0.07298956 0.0649542  0.05847836 0.0709881  0.06791912 0.07391429
 0.07642784 0.06689619 0.08772083 0.06067655 0.06031063 0.05612059
 0.06805776 0.06324869 0.06022128 0.05976341 0.06835624 0.06076172
 0.06616194 0.04679906]
Loss History Not Trained 1
[0.44573738 0.4543936  0.44733002 0.45122439 0.44669101 0.45138677
 0.4347004  0.4316288  0.43762551 0.43753083 0.4379087  0.44532908
 0.44518389 0.44728153 0.44958924 0.41486898 0.42646692 0.43264792
 0.41171514 0.42936492 0.42660528 0.41271453 0.41489428 0.4479457
 0.40715191 0.41853429 0.40394529 0.40336512 0.39617057 0.40500673
 0.39954375 0.39647023 0.38521704 0.40420954 0.40994418 0.37732963
 0.37284828 0.38623935 0.38280811 0.37306147 0.37397727 0.36696857
 0.3786433  0.37026606 0.36684965 0.35764231 0.37170711 0.36183373
 0.36607726 0.36469264 0.35125274 0.35401158 0.36572952 0.35949476
 0.35482532 0.36701091 0.36855468 0.36183826 0.35672094 0.3668514
 0.35417931 0.34835596 0.36200635 0.35256904 0.34421683 0.3428267
 0.34815521 0.34656545 0.36070049 0.35590571 0.35617378 0.33312487
 0.35188855 0.34935    0.35238747 0.34625136 0.33969419 0.34064478
 0.3367154  0.35047281 0.34581937 0.34175013 0.33180134 0.34276972
 0.34471358 0.32736811 0.33206967 0.33310623 0.3241755  0.35011063
 0.32390714 0.33001485 0.34010079 0.32833892 0.34460501 0.32760732
 0.32223638 0.32497565 0.31742233 0.33928626 0.31546784 0.32683916
 0.32137669 0.31952038 0.34350955 0.34761241 0.32160002 0.33206615
 0.31663683 0.3188021  0.32382105 0.31584329 0.32503431 0.33000007
 0.32391988 0.33590394 0.31300487 0.32949652 0.3141069  0.32889364
 0.31928556 0.32250986 0.31476515 0.30268514 0.33699266 0.31376551
 0.32794506 0.31370127 0.30593993 0.30511567 0.33117123 0.35113137
 0.33337898 0.31788121 0.30632334 0.31190735 0.32167912 0.33366208
 0.30774818 0.30551359 0.32268166 0.31201739 0.3257989  0.31966435
 0.3187271  0.31319671 0.31398821 0.31733235 0.3012193  0.29717485
 0.32281857 0.3327574  0.292466   0.31605791 0.30909214 0.31294316
 0.30530197 0.31623152 0.31869399 0.30281192 0.30842235 0.30520767
 0.31936206 0.30642804 0.32129897 0.30275681 0.33754666 0.31813654
 0.31568214 0.30334461 0.3268881  0.31296307 0.33041342 0.31168379
 0.32897009 0.32378067 0.298328   0.31841335 0.29291088 0.30226292
 0.29944287 0.30249582 0.31479703 0.32594974 0.31507612 0.31370837
 0.3099881  0.3159149  0.31671831 0.30849861 0.31440525 0.3124365
 0.29108302 0.30514041 0.3219404  0.32009751 0.30760613 0.31222118
 0.31241799 0.30304976 0.30466117 0.31911214 0.2997762  0.30475104
 0.31142533 0.3078671  0.29238718 0.3068875  0.30971631 0.32623204
 0.30374178 0.31306402 0.29552738 0.30510202 0.31147802 0.31135404
 0.30346846 0.29809398 0.30681429 0.31858874 0.28561919 0.31053801
 0.29789412 0.28666697 0.30938664 0.31493643 0.31532091 0.29438372
 0.30700495 0.29496674 0.3100421  0.30505791 0.31046012 0.30602263
 0.32420437 0.30689114 0.28755329 0.27419943 0.31081327 0.29256591
 0.30211554 0.29983308 0.29576211 0.29467808 0.28819843 0.29097127
 0.29917874 0.2919843  0.29499132 0.32202655 0.29026354 0.31198111
 0.30902279 0.28306646 0.30054175 0.30378718 0.29205348 0.30368886
 0.3021638  0.30270907 0.30356366 0.29166917 0.2941669  0.29619624
 0.29807956 0.29590365 0.31893249 0.29361984 0.29709742 0.3011548
 0.28697678 0.29347668 0.28524506 0.30261476 0.30208565 0.30551399
 0.30895136 0.28648843 0.28836959 0.30936818 0.30540323 0.29277704
 0.31328126 0.28706041 0.28666207 0.29072007 0.29098517 0.31112385
 0.29487816 0.30258844 0.31832261 0.29365613 0.29595697 0.30787059
 0.29792628 0.287933   0.28197624 0.29793771 0.30825254 0.29563088
 0.2940833  0.30408379 0.2900036  0.29933101 0.29244495 0.29953037
 0.29888361 0.28769179 0.29083087 0.29944429 0.30327218 0.30866463
 0.29489625 0.28985361 0.29902153 0.28719004 0.27828403 0.30483968
 0.28853417 0.29374827 0.30773736 0.29225626 0.2921884  0.28183491
 0.27974847 0.28051479 0.29785543 0.30067929 0.30237589 0.3051755
 0.29933209 0.28081018 0.31758107 0.30202102 0.28817052 0.28792233
 0.29959888 0.29521639 0.29163613 0.2908657  0.27999231 0.28502452
 0.29178704 0.28553499 0.28189345 0.29957031 0.29888127 0.28972569
 0.30868641 0.26974696 0.29049889 0.28501845 0.29939101 0.28747881
 0.28605275 0.27475515 0.29910074 0.29317527 0.29118813 0.27650871
 0.28414943 0.29601476 0.29785291 0.27993392 0.2753958  0.29423394
 0.28150799 0.29146817 0.2860285  0.28561988 0.29094346 0.30915232
 0.28442235 0.29553093 0.30404741 0.28784761 0.30971613 0.27835548
 0.29550386 0.28054852 0.28200415 0.28073823 0.27797839 0.28211998
 0.2951262  0.28096315 0.29041023 0.2885003  0.29598475 0.28370067
 0.27810076 0.29168745 0.28407111 0.28542182 0.28482854 0.27811418
 0.30376321 0.28651044 0.29447722 0.28569903 0.27384278 0.28612564
 0.28186247 0.29731974 0.27679109 0.27487928 0.26860511 0.27676067
 0.29070355 0.28082778 0.29195153 0.28004467 0.27594089 0.27433009
 0.27012098 0.28184361 0.28478783 0.26916189 0.29990602 0.28289142
 0.2884852  0.27810479 0.27207668 0.29362789 0.30431683 0.29396532
 0.27981266 0.29261899 0.27827672 0.2665125  0.2843328  0.28440184
 0.27108889 0.28896253 0.28220436 0.27473643 0.29752212 0.29295147
 0.27049877 0.29145569 0.29005945 0.28029047 0.29986047 0.27542552
 0.29480211 0.2902464  0.28396174 0.2780232  0.26849859 0.28252868
 0.2808138  0.28162589 0.26401535 0.27917148 0.28671412 0.28650526
 0.29272054 0.29217002 0.27444544 0.28202886 0.25643313 0.25813602
 0.28050648 0.27780674 0.2816071  0.2744871  0.27543555 0.29998807
 0.28597734 0.27610862 0.28530631 0.27647601 0.27852357 0.27976256
 0.27326704 0.3030508  0.27706275 0.27154474 0.27397088 0.27439488
 0.28356837 0.28205303 0.30640423 0.28976336 0.2820746  0.27787881
 0.27050522 0.27608926 0.28581013 0.27832225 0.27801894 0.26524523
 0.27033074 0.30653345 0.26996951 0.26325213 0.28351566 0.2722599
 0.29557341 0.27530758 0.27100973 0.27534657 0.26871503 0.26777534
 0.26606709 0.28798788 0.28565583 0.27721903 0.28337298 0.27202609
 0.28821891 0.26453772 0.28884375 0.27148863 0.25694094 0.26482232
 0.27670915 0.27731901 0.29233561 0.2720188  0.2654469  0.26668171
 0.27998168 0.25080765 0.28264802 0.2915586  0.28099614 0.29396317
 0.27390335 0.27110353 0.26929597 0.26609367 0.2675138  0.26201478
 0.27298001 0.27766754 0.27403471 0.28064755 0.26055762 0.26503941
 0.27541442 0.26762432 0.26533165 0.26344905 0.25903363 0.28448733
 0.27243907 0.28229621 0.27668296 0.27573203 0.29696412 0.27719392
 0.26175435 0.28377977 0.28105803 0.26698154 0.26938661 0.29034829
 0.27036199 0.28097061 0.2730186  0.28364792 0.30805572 0.28580092
 0.27120462 0.2650115  0.26218973 0.25297593 0.27110177 0.2952909
 0.2731792  0.27072768 0.25351696 0.26727492 0.27613816 0.26695123
 0.27657775 0.27117387 0.26983864 0.26243278 0.27501696 0.27753909
 0.27627747 0.27628695 0.25843947 0.27826952 0.27694332 0.28203794
 0.27896442 0.27885829 0.26851348 0.2743126  0.26925421 0.25791359
 0.25222608 0.28518311 0.27027141 0.2699787  0.27896242 0.27333281
 0.27034348 0.26468792 0.26251611 0.27325349 0.27249383 0.26238324
 0.26175901 0.26801312 0.26507663 0.28501173 0.27180842 0.26570738
 0.28150566 0.25973552 0.28511525 0.24322367 0.27131596 0.27128479
 0.24005092 0.2781291  0.28428394 0.26550941 0.2686213  0.25834292
 0.27152548 0.264489   0.26674822 0.27156365 0.26784017 0.28535324
 0.26658064 0.28591664 0.27983834 0.26495891 0.27306382 0.28495981
 0.26907112 0.2688428  0.26681866 0.27666959 0.29326805 0.27843874
 0.27112585 0.26445302 0.27208997 0.25711943 0.26919766 0.27454861
 0.26651909 0.29155874 0.26634651 0.26352631 0.28583454 0.26308002
 0.27195342 0.28202852 0.28057722 0.25666521 0.26853333 0.28121522
 0.26983741 0.29463346 0.27474361 0.2851719  0.27385908 0.2698732
 0.27785025 0.26547269 0.25705856 0.25544144 0.27041658 0.26491105
 0.28322102 0.26426664 0.27732293 0.2692213  0.27075509 0.26409746
 0.25804698 0.26456158 0.25322746 0.27612984 0.27827169 0.26177203
 0.27999118 0.27467138 0.27976667 0.27810539 0.29702525 0.26904305
 0.2805605  0.24250734 0.271976   0.2650584  0.2831167  0.27005392
 0.27063387 0.26281934 0.27428991 0.2834394  0.25121963 0.27382429
 0.25340781 0.27420232 0.28195806 0.26792345 0.26210984 0.29174362
 0.25399718 0.27359618 0.24703431 0.25887818 0.29423306 0.26231942
 0.26356274 0.27793176 0.2472663  0.27831287 0.26561427 0.27654597
 0.26586785 0.28009694 0.27894924 0.26483063 0.2667698  0.25394586
 0.27667856 0.28014438 0.27217711 0.24436033 0.25217047 0.2794332
 0.26856269 0.25828359 0.245849   0.26752273 0.28115295 0.26293646
 0.2695383  0.26149498 0.29200536 0.26622623 0.266569   0.27437066
 0.25039068 0.28158843 0.27096154 0.27231145 0.27650723 0.26728153
 0.26356341 0.26388415 0.2706629  0.2570754  0.28052652 0.2743892
 0.27445405 0.27323363 0.25637881 0.28491281 0.25761164 0.27029109
 0.29344678 0.27973104 0.2670918  0.2667618  0.25683774 0.28227032
 0.26575725 0.25775293 0.26377096 0.25531442 0.25563979 0.26279714
 0.26078195 0.25995805 0.28134934 0.25532471 0.27135112 0.25372918
 0.25884399 0.27516786 0.26365205 0.26740478 0.26658984 0.2698994
 0.26374168 0.2843313  0.25323397 0.256725   0.26566391 0.2887082
 0.26646983 0.28048148 0.25333664 0.26857142 0.28115984 0.27474774
 0.25876025 0.27322276]
Loss History Not Trained 2
[0.47723733 0.46517215 0.46714032 0.47398628 0.44983653 0.44393205
 0.45650556 0.45222794 0.47291228 0.4508842  0.44003409 0.44285544
 0.43175331 0.43755623 0.41024485 0.41625788 0.42039779 0.39659454
 0.37880368 0.39468397 0.38619149 0.40083616 0.38610827 0.39263099
 0.39257466 0.36124236 0.38911213 0.38020294 0.37348769 0.37123763
 0.37338237 0.36537882 0.36258518 0.35319113 0.37395222 0.36908183
 0.36545927 0.36215599 0.3498656  0.35962072 0.35009472 0.35267619
 0.37081536 0.36349877 0.35593414 0.35945493 0.3508067  0.36559412
 0.33990232 0.34187112 0.35521685 0.35638597 0.35702876 0.36973227
 0.34405012 0.35351311 0.35997018 0.34071599 0.3279421  0.33766186
 0.33512081 0.3542668  0.35082814 0.34219836 0.33722135 0.34736452
 0.33642886 0.34617085 0.34556101 0.33473862 0.32971898 0.33775959
 0.34222894 0.3296867  0.34337426 0.34629005 0.34072246 0.36085349
 0.33040769 0.33995799 0.34241962 0.33991679 0.33992899 0.3555003
 0.33891552 0.32810849 0.32014685 0.34513492 0.31762487 0.3351123
 0.32702738 0.34289804 0.32699584 0.32995298 0.35928794 0.32975107
 0.32037194 0.35304782 0.3285784  0.34531908 0.33768033 0.33308202
 0.34688644 0.3190656  0.32774821 0.33846866 0.32030363 0.32727539
 0.31414839 0.3463768  0.33931573 0.32762191 0.31444694 0.31586088
 0.32772344 0.31374524 0.31761756 0.33287373 0.31814402 0.3478322
 0.33738847 0.31790704 0.32617758 0.33591397 0.3068986  0.32804066
 0.32096568 0.32362206 0.32935581 0.33248942 0.322586   0.32311773
 0.34051112 0.31838569 0.32691013 0.3417227  0.34852493 0.30761904
 0.30698192 0.31279062 0.31454612 0.32718856 0.32434892 0.32076752
 0.32432283 0.31834353 0.30976808 0.32328017 0.30866669 0.31161715
 0.32219679 0.33796712 0.30407521 0.3220254  0.31569564 0.31743511
 0.3226987  0.3032785  0.30745227 0.31613796 0.30966454 0.31172049
 0.33103453 0.31686994 0.31685917 0.32039024 0.30956166 0.31758763
 0.30768144 0.29995971 0.32564315 0.30105554 0.31092871 0.29714778
 0.30059415 0.30652056 0.31010306 0.29504127 0.31477356 0.29787582
 0.29200014 0.31259647 0.30631984 0.29637204 0.32414648 0.32171897
 0.29420937 0.30071087 0.32857854 0.31280824 0.298073   0.3199859
 0.29501912 0.30040284 0.3034279  0.31974832 0.29234845 0.30775549
 0.29263821 0.31324614 0.29953881 0.3146987  0.30847563 0.29306559
 0.31037793 0.30452424 0.294891   0.30632224 0.28263633 0.31150248
 0.30876054 0.30068369 0.28468176 0.30059361 0.29938103 0.30732904
 0.30540338 0.32189983 0.29537529 0.3063687  0.2903132  0.29372995
 0.28531607 0.30230693 0.2945903  0.28980405 0.29385492 0.30018504
 0.28264331 0.30493059 0.28541541 0.29383388 0.29809904 0.30157863
 0.29253658 0.30159202 0.29575246 0.28970235 0.2837467  0.30006405
 0.30184514 0.28772101 0.30023056 0.29341332 0.28546662 0.27415617
 0.28175468 0.28921579 0.29418584 0.2882149  0.28625393 0.28840528
 0.28694004 0.28286228 0.28092822 0.31595335 0.28246852 0.29269986
 0.2675683  0.29139049 0.29402446 0.2750934  0.28815398 0.29004389
 0.30083395 0.29979901 0.29348045 0.28965298 0.27807579 0.27694732
 0.27203494 0.27750341 0.29409583 0.29502344 0.30281624 0.29432596
 0.29140181 0.29029211 0.28609064 0.28573929 0.28927001 0.2817143
 0.27411475 0.28865772 0.29488247 0.28491199 0.27410019 0.28162355
 0.27612172 0.2758623  0.27474098 0.28999346 0.2698367  0.27691709
 0.29254418 0.26440823 0.27777323 0.27923745 0.27433255 0.27406684
 0.28171236 0.28256632 0.27356282 0.26865544 0.27315344 0.27393189
 0.28395658 0.27139764 0.27492238 0.29070982 0.27869582 0.27740833
 0.28554133 0.28262474 0.27803929 0.26530494 0.28448346 0.29416596
 0.25980373 0.28402184 0.28315609 0.28642937 0.27778552 0.26986493
 0.28089579 0.26896456 0.27407176 0.26249612 0.27918026 0.28428047
 0.27670502 0.28316575 0.26926185 0.27290246 0.26669433 0.25584192
 0.26034478 0.2782247  0.2751345  0.27084877 0.26853819 0.27367835
 0.29759519 0.27001454 0.29297483 0.27500478 0.28591738 0.27105858
 0.26292895 0.27833071 0.27629433 0.27465393 0.26969203 0.26686091
 0.27804727 0.28050976 0.27551292 0.28679282 0.26899538 0.27508789
 0.27524593 0.27106403 0.2867523  0.266211   0.27358066 0.26368701
 0.26811888 0.28033614 0.2650651  0.26960538 0.27457203 0.27626991
 0.26659991 0.29080267 0.26789673 0.27436269 0.25631382 0.27277124
 0.26199539 0.28263971 0.27804797 0.26921986 0.27885145 0.27357918
 0.28064925 0.26923163 0.26973089 0.26380504 0.2818417  0.26223535
 0.27210201 0.29113417 0.26589373 0.26360489 0.26065395 0.26877873
 0.28719833 0.27665303 0.27192728 0.2606844  0.2557569  0.28331607
 0.25782635 0.26284791 0.2583445  0.26321633 0.28164616 0.27333425
 0.26324872 0.27236442 0.26562712 0.28761292 0.26819635 0.25638135
 0.2792547  0.26176167 0.24693542 0.25854684 0.26920698 0.27743288
 0.26494157 0.26305751 0.26781902 0.27024013 0.27592062 0.25982039
 0.26438415 0.25924851 0.27721972 0.25707616 0.27158113 0.27074054
 0.256682   0.27501253 0.27440258 0.28193784 0.26976286 0.26893062
 0.2774112  0.29306904 0.27992306 0.25956733 0.27207578 0.26340598
 0.26815796 0.26409037 0.26463834 0.26856846 0.27295469 0.26388039
 0.25897792 0.26218243 0.26970687 0.27200051 0.25045652 0.2599533
 0.25702821 0.25222862 0.2681925  0.27305349 0.26654176 0.27174391
 0.26923444 0.25920277 0.26919727 0.28082425 0.25794233 0.2501152
 0.26687039 0.25549449 0.27416339 0.27110751 0.28097785 0.25979304
 0.26376518 0.27062009 0.26305282 0.26936313 0.26279899 0.27851278
 0.2768403  0.26599821 0.26866377 0.28938285 0.26566766 0.26340779
 0.2613714  0.26450684 0.27306433 0.27385926 0.27646279 0.25879201
 0.25133912 0.24786426 0.27245192 0.26387176 0.25658599 0.25102613
 0.26429413 0.25910043 0.26627491 0.27798428 0.2593394  0.24593159
 0.26761684 0.25357302 0.24903714 0.25516627 0.26417575 0.26347867
 0.256848   0.26584421 0.27098839 0.2782853  0.27896203 0.25635836
 0.27244326 0.26900233 0.26511757 0.25532026 0.26705483 0.26323559
 0.27112301 0.26258645 0.25408578 0.25366636 0.24799627 0.26391693
 0.26190992 0.25777315 0.25439248 0.25684197 0.2829295  0.25374359
 0.26086725 0.26241992 0.24773876 0.24607008 0.28038717 0.26712203
 0.26987579 0.28279103 0.26735049 0.25988279 0.25709487 0.25108794
 0.27396642 0.2672637  0.25521784 0.25077116 0.26759693 0.25519001
 0.26759041 0.29591046 0.27754087 0.24560243 0.25963689 0.26508688
 0.2695526  0.26012578 0.26404095 0.284175   0.25981921 0.26094883
 0.27022085 0.2579736  0.27871855 0.26690312 0.25283048 0.27219134
 0.26315183 0.25609868 0.26320867 0.27985972 0.25338065 0.25934919
 0.25132888 0.26923633 0.26370762 0.25924982 0.27036173 0.25760207
 0.26701853 0.24745306 0.26352061 0.26327453 0.26390626 0.25485287
 0.27284782 0.2771262  0.26005126 0.24713584 0.24730395 0.26800063
 0.26524834 0.26523359 0.27215291 0.28103174 0.25236025 0.2558875
 0.25296058 0.25136226 0.2540146  0.25160747 0.2763894  0.26367203
 0.25282394 0.25128516 0.26924644 0.27353081 0.27735398 0.27238358
 0.26410745 0.25484265 0.25337526 0.2581645  0.24613747 0.26462306
 0.25073469 0.27023121 0.25082442 0.25612134 0.25451434 0.26049611
 0.25519584 0.24325055 0.2454533  0.27472523 0.26514026 0.25254319
 0.2663194  0.25238705 0.25886038 0.27696268 0.27081125 0.28000616
 0.26671695 0.26197454 0.2538163  0.25851765 0.27684407 0.27117455
 0.27226689 0.26346457 0.26321952 0.26911258 0.26683129 0.26433907
 0.27021444 0.26299113 0.26834146 0.25039388 0.25071461 0.27144349
 0.27067904 0.26153727 0.26370955 0.25389223 0.2530353  0.27498354
 0.26695231 0.26046632 0.25754512 0.25928868 0.2586125  0.25230167
 0.24965548 0.25626171 0.26393836 0.26192871 0.2564842  0.27194451
 0.27852034 0.25535689 0.26822999 0.25673676 0.26450401 0.26048111
 0.27845095 0.24877324 0.26155939 0.24041075 0.27002629 0.26375493
 0.26579657 0.27320571 0.2511114  0.27136067 0.26224998 0.25176588
 0.2704861  0.24688748 0.26981292 0.25693035 0.24717598 0.27182008
 0.25570091 0.26746097 0.26324759 0.27012595 0.25291692 0.28645154
 0.26200013 0.25572368 0.26416361 0.26773487 0.25958862 0.26048347
 0.26411656 0.25380949 0.27204682 0.2531373  0.25939429 0.27398925
 0.25370821 0.26598273 0.25732011 0.25773026 0.26814419 0.26315738
 0.28289702 0.26249084 0.2561928  0.25846445 0.26003765 0.25895862
 0.27079366 0.25969233 0.25708066 0.27699919 0.24869725 0.25288644
 0.26105279 0.25529627 0.26947041 0.26262725 0.25647515 0.25855589
 0.27045676 0.25378926 0.26024962 0.25841706 0.25841166 0.26364485
 0.24663527 0.26380704 0.25471426 0.26304549 0.25992175 0.26981576
 0.25497697 0.25502022 0.25010918 0.25599038 0.25676456 0.25198652
 0.25534127 0.26653166 0.26454011 0.25750138 0.27116619 0.26092466
 0.27858188 0.26224948 0.27439574 0.26107295 0.27482273 0.26506253
 0.2613799  0.27503464 0.27238611 0.26433587 0.24491683 0.26694196
 0.26274411 0.24899489 0.26139964 0.25549023 0.24891878 0.25089814
 0.26060362 0.27189724 0.27048635 0.27168595 0.25757586 0.25271651
 0.2692503  0.24921722 0.26984731 0.25831628 0.2554167  0.26132277
 0.27712865 0.26560402 0.26439522 0.24477272 0.25463757 0.26134294
 0.2463953  0.24960627]
Loss History Not Trained 3
[0.49389469 0.50722555 0.49711067 0.49470805 0.46436836 0.4815258
 0.47787532 0.49247636 0.43450191 0.48494307 0.44172068 0.43102317
 0.4940386  0.44849025 0.46937903 0.44468071 0.47490643 0.43412927
 0.4411054  0.45488431 0.43905076 0.42778105 0.40859936 0.45436238
 0.3735773  0.4203141  0.44638569 0.41035139 0.42332426 0.40017247
 0.41168717 0.41104254 0.44859798 0.45483362 0.42478239 0.42000386
 0.41656371 0.38705096 0.43675312 0.42028911 0.39536659 0.41537716
 0.39943412 0.38848834 0.44343853 0.43053927 0.40369392 0.40126848
 0.37999031 0.39349139 0.41418405 0.37021483 0.4038275  0.39359416
 0.38900405 0.40782983 0.39458029 0.38205227 0.38360923 0.40308883
 0.40290673 0.39053317 0.39274677 0.36771458 0.37436968 0.41980279
 0.39674377 0.39940109 0.36949188 0.39990938 0.41139561 0.38962865
 0.38449554 0.40108543 0.40030405 0.38291554 0.38108642 0.39320259
 0.3991631  0.40497124 0.37105132 0.39519355 0.37080125 0.38816183
 0.36598152 0.37643008 0.40609844 0.37327874 0.37936857 0.39476077
 0.37867304 0.35689339 0.38269227 0.379786   0.38540176 0.37232887
 0.40031902 0.37173445 0.38779721 0.36579692 0.37258382 0.35627741
 0.37126538 0.36942557 0.36034839 0.37386162 0.34667054 0.37293371
 0.36065876 0.36491885 0.37063961 0.3592752  0.37843299 0.36560087
 0.35853356 0.36085535 0.37371148 0.3621935  0.35959565 0.35758975
 0.36017322 0.37934425 0.35106716 0.36569423 0.34542151 0.35948715
 0.35954988 0.34986674 0.36656054 0.35729485 0.33591442 0.36866659
 0.33778445 0.3515121  0.36293835 0.35641403 0.35695838 0.34225313
 0.3382092  0.34252621 0.34658094 0.34511804 0.3356104  0.33286912
 0.35058079 0.35478899 0.34107853 0.35686175 0.34339605 0.34657252
 0.32150057 0.33549123 0.31913066 0.33999356 0.32663125 0.3428833
 0.34928192 0.34839382 0.33776936 0.3418418  0.32522253 0.3326723
 0.32982942 0.31163157 0.33304261 0.32220712 0.33274399 0.33539777
 0.31444387 0.32503496 0.3090522  0.32771386 0.32931524 0.30586961
 0.34282171 0.32230936 0.30858393 0.33100004 0.31113477 0.32088693
 0.32881085 0.32798058 0.32468282 0.30290539 0.31901197 0.30210555
 0.30715865 0.34191369 0.31889173 0.30727931 0.32549845 0.33401034
 0.32394367 0.32324786 0.3039707  0.32417609 0.32149525 0.31799357
 0.31771555 0.3068498  0.27427949 0.31995041 0.32913716 0.31307356
 0.30643987 0.32650943 0.34160368 0.31805511 0.31511161 0.31269118
 0.31384934 0.34143    0.32317839 0.30660112 0.29816055 0.31124628
 0.32297278 0.3097986  0.31462755 0.32158222 0.30107557 0.30152802
 0.3219635  0.33387845 0.31525356 0.30378112 0.33481319 0.32764901
 0.2943735  0.31682791 0.3066959  0.32130139 0.31699969 0.33696891
 0.30429913 0.31937218 0.2996691  0.30855535 0.32767945 0.30415628
 0.31541559 0.28725768 0.29692957 0.30952756 0.32494772 0.31424732
 0.32234025 0.30273683 0.31481671 0.29471675 0.3173158  0.30285173
 0.30821653 0.32166932 0.32114032 0.30624882 0.30299587 0.30059007
 0.3029212  0.300801   0.32210479 0.29937712 0.29923645 0.28624218
 0.30714995 0.30514334 0.29381648 0.30948304 0.29393654 0.29319899
 0.30264688 0.32093229 0.28952008 0.30154269 0.32275148 0.30470474
 0.30546272 0.2968347  0.30951615 0.33347889 0.28273061 0.29699393
 0.28700844 0.31600183 0.3171117  0.3217196  0.28808804 0.2986974
 0.27435364 0.28270705 0.33106126 0.28263252 0.29695305 0.33832506
 0.29795925 0.3054877  0.28036629 0.297051   0.28895942 0.28690208
 0.310295   0.30247093 0.31158168 0.31351684 0.28538862 0.31036554
 0.29928778 0.28825866 0.29060037 0.30011325 0.3151959  0.31120155
 0.26955709 0.30047096 0.3032353  0.29509247 0.28816268 0.29713292
 0.3076715  0.2806725  0.28496823 0.27855707 0.30611776 0.30018224
 0.30320063 0.28826635 0.27524168 0.27285343 0.29401227 0.31264774
 0.29242719 0.32756779 0.2932187  0.28423472 0.30482793 0.30252296
 0.28134254 0.29654187 0.27443383 0.27900835 0.26915743 0.31990654
 0.29076198 0.29991193 0.30344618 0.29672266 0.29077924 0.31650533
 0.29928197 0.28046013 0.29959284 0.31100149 0.28120391 0.30289295
 0.29290078 0.29104728 0.29966769 0.29238743 0.29968532 0.29220495
 0.27798708 0.28159128 0.28457507 0.30200416 0.29202343 0.26958786
 0.28985689 0.29768131 0.29523736 0.27861747 0.31214434 0.28803674
 0.29005478 0.27820353 0.30581424 0.30829373 0.3017652  0.26980888
 0.28804559 0.27929442 0.298801   0.29609515 0.28156056 0.27947979
 0.28978816 0.30288579 0.28469181 0.2622486  0.28031848 0.30272144
 0.29049306 0.30551614 0.26675602 0.28110612 0.27232233 0.28140035
 0.28956856 0.29618163 0.2845044  0.28245291 0.29451898 0.28719168
 0.26754257 0.2984489  0.29088916 0.28693847 0.28757531 0.27759689
 0.29990937 0.28616324 0.26096156 0.27153607 0.27152612 0.27813587
 0.27739639 0.28451518 0.28498982 0.30216322 0.30648166 0.27933653
 0.30048629 0.2704858  0.29334683 0.28943196 0.27794701 0.29910446
 0.29438662 0.27787333 0.28560377 0.28863668 0.28484274 0.28020334
 0.30150236 0.27485781 0.25277912 0.2908146  0.29132163 0.2803987
 0.30407636 0.27852752 0.28334568 0.29365077 0.27337541 0.2904549
 0.25222578 0.30889222 0.29234914 0.3067476  0.30729236 0.29773913
 0.29142254 0.26739616 0.29356562 0.28484287 0.27851132 0.2776497
 0.27826112 0.27952623 0.28028195 0.29914888 0.29424284 0.27622085
 0.28197878 0.27945644 0.30331506 0.28406313 0.2542614  0.29214591
 0.27831036 0.27336952 0.279887   0.29283224 0.28100078 0.25343337
 0.28930937 0.27714755 0.25584909 0.26570283 0.27974526 0.28134071
 0.27505116 0.26326162 0.27989118 0.29316199 0.2602209  0.28379813
 0.28644204 0.28384743 0.28029747 0.26821479 0.2698642  0.29137351
 0.28034846 0.25556432 0.27744306 0.28804889 0.26603923 0.26974723
 0.29715614 0.26231235 0.27736407 0.26760453 0.26130689 0.28991971
 0.25902888 0.27344534 0.28849506 0.27977482 0.26037008 0.28864086
 0.29127928 0.26197782 0.27987205 0.27070692 0.28051898 0.28568882
 0.27548469 0.26733364 0.28716141 0.27134069 0.28515834 0.29806362
 0.28181939 0.27303539 0.27108654 0.29728531 0.28849051 0.2864477
 0.28309985 0.27774083 0.28768677 0.26982947 0.28811123 0.28627954
 0.27093145 0.26526014 0.27935035 0.26569222 0.28279073 0.30367136
 0.28267511 0.29743983 0.27547802 0.27092925 0.27633847 0.28751928
 0.2640213  0.27776282 0.26592323 0.29082407 0.26691982 0.28266901
 0.27613568 0.29597327 0.28932297 0.28271065 0.27213525 0.26538353
 0.28900872 0.29514274 0.30236083 0.29210579 0.27564973 0.29293311
 0.29625026 0.26472514 0.27959562 0.28026708 0.28444768 0.26993945
 0.2815618  0.26669172 0.26289666 0.28687192 0.26739886 0.28324058
 0.28990296 0.25330705 0.27915272 0.27458158 0.27936701 0.28932225
 0.28929733 0.28534057 0.27464932 0.28009874 0.26208814 0.26067952
 0.27649338 0.27120206 0.28328346 0.29883968 0.27087518 0.28143211
 0.27284456 0.29041527 0.29624354 0.25981518 0.28047173 0.27771867
 0.27655539 0.28091851 0.29903336 0.25973493 0.28612305 0.28934888
 0.28715337 0.26363037 0.26383265 0.27229729 0.2797102  0.29009735
 0.2889169  0.28419234 0.27236293 0.2711064  0.2950688  0.28761643
 0.26635441 0.27860211 0.27663872 0.27970072 0.26363362 0.26734797
 0.28300387 0.28753945 0.26786707 0.29466474 0.26309897 0.27651163
 0.26774128 0.28670082 0.2727398  0.27170147 0.28108605 0.27918242
 0.26389161 0.27457616 0.2648368  0.26796888 0.26902989 0.27749299
 0.26608602 0.25646265 0.27435642 0.27876706 0.29517193 0.2778025
 0.28179029 0.2723482  0.28090759 0.26568884 0.28054368 0.28986057
 0.26728013 0.26939042 0.27572697 0.25866355 0.27144946 0.28473921
 0.27792626 0.26283486 0.29332638 0.27245877 0.27355494 0.27146328
 0.26744072 0.27468038 0.27608735 0.26399027 0.2688918  0.27080157
 0.27056602 0.25669334 0.26362556 0.27677909 0.26699175 0.28457822
 0.27643153 0.28066281 0.27126136 0.29732683 0.27962296 0.25159953
 0.27625428 0.28407809 0.26001497 0.29033996 0.25896391 0.28164851
 0.26899643 0.26290604 0.25129553 0.26840051 0.27949635 0.2737756
 0.27411102 0.25527745 0.26672015 0.26587183 0.28359768 0.26664358
 0.2543224  0.27781556 0.27450871 0.26878624 0.26007808 0.27298227
 0.26675032 0.27693319 0.27749017 0.28701087 0.25648503 0.27548692
 0.28809257 0.26763747 0.26441356 0.26834938 0.27040227 0.27677566
 0.28561742 0.26166752 0.27227831 0.26097108 0.26616804 0.28353446
 0.26021609 0.2635513  0.27386468 0.2708768  0.27340604 0.28627647
 0.27544858 0.26851373 0.27657549 0.25421996 0.28235416 0.26703237
 0.26097369 0.26576459 0.25794746 0.27523935 0.26447646 0.26223726
 0.27517415 0.27618153 0.26783082 0.27452858 0.272184   0.26272866
 0.29430028 0.26175213 0.26240071 0.27053699 0.25108971 0.2654813
 0.27610532 0.29672997 0.27012348 0.27056419 0.27937408 0.27256172
 0.26205513 0.26091722 0.26103951 0.26513794 0.25841758 0.24478906
 0.25556512 0.27834158 0.28186228 0.26874241 0.27017462 0.25318412
 0.27562486 0.27863379 0.25575369 0.26618319 0.25757185 0.2646689
 0.30024861 0.26121178 0.27029699 0.24930321 0.26083504 0.26909216
 0.25722163 0.27564163 0.29235502 0.25514845 0.25297721 0.28340681
 0.28145468 0.2468288  0.26702857 0.26521102 0.27691361 0.26601746
 0.2675675  0.26404064]
Loss History Not Trained 4
[0.4782897  0.47015751 0.45732551 0.46426753 0.46675479 0.46069493
 0.45392236 0.44642723 0.44693477 0.44502292 0.44084867 0.42331248
 0.42025713 0.41949649 0.41814977 0.40436473 0.40895356 0.3929207
 0.3847095  0.3862043  0.37401252 0.37230216 0.37166781 0.38021229
 0.37638793 0.36480634 0.38633783 0.34718245 0.34437445 0.35719599
 0.36071353 0.35273434 0.36638999 0.37712489 0.37428735 0.35013218
 0.35968535 0.35727442 0.35739485 0.35996415 0.36307571 0.3625564
 0.36122903 0.33789911 0.34404005 0.34835106 0.3355504  0.3426916
 0.33217454 0.34902569 0.32612643 0.3373447  0.34390612 0.35127582
 0.35243216 0.34518154 0.32690138 0.33859959 0.32688818 0.34146922
 0.34086258 0.3260671  0.34537698 0.33544879 0.33743563 0.34018439
 0.33328302 0.32274997 0.31662434 0.3398459  0.32699824 0.33075705
 0.33623567 0.33625496 0.32439282 0.33004279 0.33930032 0.33384571
 0.32844631 0.33451036 0.33819489 0.32482314 0.33674098 0.32506175
 0.31757804 0.33366183 0.32056357 0.32615625 0.31123396 0.32593012
 0.32055343 0.30808911 0.30928908 0.31437543 0.31517264 0.32107419
 0.30896037 0.31060253 0.30442174 0.32993017 0.31370193 0.31131575
 0.3104807  0.3087913  0.3134159  0.30126877 0.29692741 0.31362599
 0.31030502 0.30626048 0.30481446 0.30213466 0.31422911 0.3140751
 0.30482845 0.29137001 0.29261477 0.32415587 0.30809586 0.30485147
 0.30171362 0.29963247 0.28969408 0.29810759 0.29524758 0.30208362
 0.31005809 0.30398715 0.28869599 0.29829561 0.29404354 0.30384977
 0.30633743 0.30905903 0.29597092 0.30203773 0.28715193 0.30206642
 0.28254543 0.30043052 0.30380196 0.30351142 0.29795974 0.2861882
 0.28214095 0.29986977 0.29918296 0.2948404  0.2939125  0.29827243
 0.29769487 0.29869173 0.2953256  0.30882398 0.29950764 0.30235239
 0.29032522 0.29361786 0.29958795 0.29406361 0.31124023 0.28730012
 0.2956127  0.2972684  0.2872911  0.29412241 0.29676458 0.29248695
 0.28869168 0.28550725 0.27105882 0.29123137 0.27852386 0.2974112
 0.2848032  0.28577933 0.27934582 0.27553609 0.28642435 0.28969577
 0.29269895 0.29462941 0.27060093 0.27961119 0.29558021 0.27379765
 0.27700701 0.29407275 0.28173621 0.30617118 0.25960091 0.27592075
 0.2842293  0.29242199 0.29527805 0.27921045 0.28859137 0.29272321
 0.26756805 0.27552519 0.28874551 0.29861415 0.28260265 0.27149731
 0.29447769 0.27128079 0.28008411 0.27938402 0.2931711  0.27377559
 0.28774143 0.28734668 0.29224954 0.27147588 0.28721381 0.27319755
 0.27920164 0.28875597 0.28650093 0.30649334 0.29253951 0.27544352
 0.30310356 0.27221273 0.27875123 0.26373563 0.28803094 0.28016924
 0.26560147 0.28010748 0.28304043 0.28950593 0.27417274 0.27406383
 0.26797275 0.28821449 0.27668903 0.269365   0.28088946 0.26102247
 0.26756385 0.27052378 0.27073959 0.28170041 0.28649687 0.29647955
 0.27614047 0.28189396 0.28247312 0.26501641 0.27520347 0.2877086
 0.26576565 0.26784334 0.28014871 0.29614416 0.27072507 0.2696374
 0.26552398 0.29308357 0.28493592 0.26580352 0.28513996 0.26729513
 0.26836759 0.27485943 0.26358647 0.2601741  0.29002278 0.271372
 0.28243092 0.26751705 0.25970107 0.27875504 0.26722364 0.27433644
 0.27351251 0.27057236 0.2761939  0.27415369 0.28146907 0.27037752
 0.278117   0.27346144 0.26972489 0.28985088 0.27463896 0.28588322
 0.28958031 0.28407764 0.25395163 0.26977506 0.29552695 0.28416414
 0.27433335 0.27101818 0.27309829 0.28585745 0.27833825 0.29489167
 0.29121783 0.27539032 0.27625374 0.27290758 0.26068297 0.28892014
 0.27641936 0.28193368 0.26845082 0.2821678  0.27689041 0.25615834
 0.28369203 0.27456775 0.27219332 0.27279867 0.27360681 0.28057891
 0.27570201 0.28292971 0.27393338 0.26455501 0.28910413 0.26424309
 0.27694437 0.28613557 0.2682621  0.27873348 0.27322697 0.27086016
 0.2731473  0.26446188 0.28082438 0.27296149 0.28749472 0.2890233
 0.2826438  0.25705376 0.27527681 0.28459653 0.27425003 0.27671002
 0.28205918 0.27393575 0.27630605 0.26723156 0.29140528 0.27524434
 0.26886154 0.27209506 0.27859922 0.29419352 0.27895918 0.27053782
 0.27128653 0.28518167 0.27628125 0.27321173 0.26814    0.2838772
 0.27061055 0.26864095 0.27111686 0.27352178 0.27261798 0.29517396
 0.25976445 0.28319666 0.28243468 0.27780507 0.29083187 0.28040083
 0.28402064 0.27477265 0.27874224 0.25245656 0.27593771 0.26946991
 0.25888306 0.26451367 0.28264807 0.26911721 0.28152848 0.2758278
 0.27768984 0.27504834 0.28229565 0.28116241 0.27387824 0.2774655
 0.29173453 0.25805973 0.28005357 0.28581632 0.27543613 0.25585016
 0.26776575 0.28752436 0.28466958 0.27101005 0.27061713 0.28187376
 0.27300718 0.27400979 0.28401797 0.26039667 0.28721323 0.25234324
 0.27100288 0.28141538 0.28194855 0.25660521 0.27508784 0.26544534
 0.28260209 0.26772274 0.28503391 0.26755542 0.27115512 0.26282277
 0.2815202  0.267837   0.27725084 0.2707095  0.27819106 0.27960862
 0.27510032 0.2722564  0.2728398  0.27956444 0.26843575 0.2866768
 0.26542633 0.26316609 0.27418313 0.28539794 0.26121012 0.25951373
 0.28216714 0.27000823 0.29109537 0.27504153 0.26788224 0.26567009
 0.27786751 0.26907948 0.26743454 0.28225826 0.26855577 0.292554
 0.26385852 0.27918954 0.26972976 0.26229572 0.26913797 0.28043557
 0.2597482  0.26838836 0.26677199 0.27317256 0.28099382 0.28781112
 0.28564224 0.26248518 0.27612645 0.26060293 0.28675605 0.28816336
 0.26863202 0.27372148 0.27245586 0.27514324 0.28958369 0.27811153
 0.27819947 0.27805393 0.26958522 0.28505348 0.28901582 0.28634606
 0.27440856 0.26276516 0.29550843 0.27673039 0.26899878 0.2876536
 0.27837981 0.26834499 0.2809793  0.30065504 0.28175346 0.27013672
 0.28904237 0.27705407 0.2674582  0.26010633 0.27979182 0.27347776
 0.29050332 0.24609843 0.2600505  0.28651834 0.2626693  0.27369419
 0.26315418 0.29207751 0.27232882 0.28338904 0.26866527 0.27816201
 0.27516424 0.26857343 0.26786025 0.26520661 0.29449796 0.27233102
 0.27848063 0.27281057 0.27152352 0.2620763  0.2787007  0.2715746
 0.26015541 0.26748077 0.27212808 0.28665363 0.2610382  0.27603677
 0.2761868  0.27192068 0.29137935 0.2830105  0.29082166 0.27670433
 0.27026161 0.26623262 0.27530996 0.27024131 0.25502451 0.26366836
 0.27229848 0.28042305 0.28235746 0.27036784 0.27108819 0.26567139
 0.26464713 0.28099716 0.2682946  0.28564645 0.2597686  0.26625914
 0.27215137 0.27557112 0.27363149 0.25375898 0.27488726 0.2733593
 0.27675497 0.27634531 0.27059633 0.28156381 0.25670223 0.26457626
 0.2582181  0.29024502 0.27603616 0.26678665 0.27244871 0.27988409
 0.2784834  0.2695878  0.28376121 0.28850104 0.26555565 0.2745981
 0.28099823 0.25423216 0.28078421 0.26416042 0.27138098 0.28391449
 0.27486745 0.27644064 0.25689249 0.2678244  0.28667077 0.26322248
 0.26642878 0.27753899 0.2769638  0.27131345 0.27665113 0.28039073
 0.26516496 0.29679743 0.2790396  0.26641983 0.26104017 0.27287582
 0.27033175 0.30510961 0.28004876 0.27433527 0.27521708 0.26743543
 0.27771044 0.28769839 0.27678768 0.24665428 0.28104033 0.27407057
 0.27284174 0.26993695 0.26688855 0.25457425 0.27173776 0.26308262
 0.26651059 0.2776013  0.27751149 0.28003804 0.27362974 0.27767874
 0.27291498 0.28256415 0.27334566 0.27437479 0.26819711 0.26970294
 0.27205441 0.2720039  0.28237037 0.27240505 0.26498895 0.27955379
 0.27304552 0.27801974 0.28838068 0.27286084 0.28105184 0.28378543
 0.26510751 0.2648124  0.29018081 0.26389909 0.27174538 0.28732771
 0.28568083 0.27231586 0.27216979 0.279695   0.26139193 0.27588729
 0.27280734 0.28074435 0.27681631 0.25417021 0.26693616 0.27251286
 0.2633398  0.2679358  0.28945722 0.26337202 0.28765097 0.27599266
 0.28672038 0.27781572 0.29219244 0.25309624 0.27453514 0.29164588
 0.277651   0.27675143 0.25890484 0.26460728 0.272996   0.28395045
 0.27213692 0.28219118 0.28293678 0.2682763  0.26711919 0.28318702
 0.28066026 0.2677257  0.26349564 0.2650061  0.27386486 0.26299364
 0.28587038 0.26638641 0.26258241 0.26267613 0.28075848 0.26462304
 0.27110886 0.28006979 0.27092057 0.23906551 0.28350579 0.26339396
 0.27399028 0.2851779  0.26598798 0.2617687  0.26727149 0.27699337
 0.27383059 0.2628207  0.28302941 0.26635596 0.27564581 0.27733556
 0.28106799 0.2607223  0.28478588 0.27337698 0.28362014 0.2694546
 0.26351862 0.27690955 0.26638935 0.27833981 0.28397362 0.25732504
 0.28613791 0.27059367 0.27196024 0.27420188 0.26504917 0.2761716
 0.27385141 0.26196205 0.28796332 0.26195552 0.2865409  0.26533222
 0.26467214 0.27780286 0.27551196 0.27644696 0.26412186 0.28316698
 0.27347996 0.26934494 0.28266607 0.27070972 0.27789331 0.25282658
 0.28886078 0.27190557 0.25580156 0.25975167 0.27742801 0.26229667
 0.28899506 0.27684314 0.25768961 0.26051844 0.27343909 0.27896072
 0.26172056 0.25818763 0.28363403 0.26023746 0.28339281 0.27124661
 0.26131665 0.28961474 0.26539191 0.26704356 0.28712616 0.28957552
 0.25871111 0.29014854 0.27023568 0.28674284 0.27555151 0.26290477
 0.26814924 0.27474433 0.26595689 0.2620093  0.27782066 0.26673386
 0.27265546 0.29434958 0.27598534 0.27765728 0.2633748  0.28235163
 0.26602718 0.27724518 0.26300443 0.25219747 0.2735362  0.26121069
 0.27084157 0.28642039]
Loss History Not Trained 5
[0.4548415  0.45189933 0.44213107 0.45066634 0.44492978 0.45164702
 0.45072474 0.43594613 0.43413198 0.43842119 0.43915712 0.42780547
 0.44000078 0.4317767  0.4278737  0.42682869 0.4267255  0.41232343
 0.41745554 0.42448997 0.4238202  0.42378433 0.4097816  0.40161025
 0.41414703 0.40393789 0.40991139 0.40011809 0.38762854 0.389694
 0.38166126 0.39015045 0.38513506 0.36122624 0.38462721 0.37464741
 0.38040425 0.36472345 0.3940986  0.38570235 0.36132348 0.37291779
 0.35996967 0.35214533 0.3381144  0.35247561 0.35291603 0.34270793
 0.3385216  0.35965175 0.34063748 0.36507183 0.34613393 0.3487144
 0.34906959 0.36970762 0.33124414 0.32529925 0.34230686 0.32116634
 0.32779681 0.33729188 0.3189263  0.32841215 0.31907628 0.31888886
 0.33689321 0.31562855 0.33683348 0.31918423 0.30551916 0.32600249
 0.3032495  0.33834606 0.31384127 0.31771334 0.3178872  0.33072609
 0.29677311 0.32201871 0.32389763 0.3176211  0.2997929  0.31990657
 0.30942999 0.31346347 0.29554836 0.309668   0.30321105 0.30127927
 0.31031296 0.29457835 0.31555339 0.32285631 0.3110815  0.2992148
 0.29002906 0.30182869 0.28771556 0.29584994 0.30224461 0.29297459
 0.30875417 0.30752535 0.29512898 0.31855313 0.30867653 0.30244246
 0.29919183 0.28453187 0.32036607 0.2999208  0.30675458 0.29839777
 0.30567376 0.29484759 0.326284   0.3169317  0.29234857 0.31136202
 0.30786207 0.30370593 0.29298216 0.29107385 0.30700785 0.29554075
 0.29248318 0.27429692 0.29818207 0.29220728 0.29809237 0.29727854
 0.28017865 0.30220866 0.27582353 0.30768306 0.28802346 0.29798399
 0.28102194 0.28765304 0.28563913 0.29680436 0.28111603 0.27555875
 0.26840061 0.27070759 0.2874533  0.27409819 0.29422581 0.30779712
 0.29111393 0.27923003 0.28425394 0.27543257 0.29766271 0.27632191
 0.28450039 0.27852992 0.29252632 0.29331464 0.27560259 0.28464536
 0.28337147 0.27590385 0.27509572 0.28505081 0.28302418 0.28063053
 0.2849421  0.27094123 0.28863503 0.26654019 0.28646986 0.28439627
 0.29171621 0.29833085 0.28761053 0.28932498 0.29921025 0.28110531
 0.29575503 0.29626359 0.29783406 0.28778537 0.28700267 0.27669087
 0.27583378 0.29121239 0.28121645 0.2772026  0.28742888 0.27209193
 0.27079395 0.26713881 0.26762262 0.2725842  0.25997416 0.26080728
 0.28167647 0.26070266 0.27519618 0.26958898 0.27241824 0.26955241
 0.29054031 0.29148018 0.28823075 0.2580351  0.27061903 0.26093659
 0.28695658 0.29166947 0.28280372 0.2818637  0.27554169 0.27748065
 0.27607254 0.2867985  0.28008327 0.2952278  0.28559401 0.2671892
 0.27927618 0.28916635 0.28848129 0.26444931 0.29143325 0.27443421
 0.28078161 0.25601884 0.26361602 0.28006767 0.2785266  0.27128159
 0.27464113 0.30510332 0.29705352 0.28154973 0.2751491  0.27599957
 0.28426297 0.26826909 0.26691252 0.2764685  0.29730948 0.29114646
 0.26192012 0.28422785 0.28227788 0.26772964 0.28801405 0.27660061
 0.28668512 0.28885807 0.27329386 0.27306683 0.28150486 0.276639
 0.28983026 0.2833284  0.28885855 0.28332233 0.28052013 0.27722655
 0.28606031 0.27963095 0.2951069  0.26500999 0.27063129 0.28706776
 0.29299455 0.2693306  0.27079462 0.28760457 0.2661243  0.26842284
 0.2922416  0.27956727 0.26868708 0.28733583 0.26240206 0.2723705
 0.26401226 0.27994413 0.27890731 0.26679755 0.27006072 0.27956164
 0.27257064 0.28699055 0.26095727 0.28862763 0.28294266 0.28628189
 0.27691283 0.27146882 0.28329934 0.27122523 0.2692229  0.26937009
 0.26493158 0.26934588 0.27091935 0.27032479 0.2899944  0.26172441
 0.26778996 0.28300136 0.30261111 0.27908065 0.24126141 0.2718788
 0.27485443 0.27068413 0.26376464 0.27466609 0.26299708 0.29505357
 0.2831868  0.27255259 0.29232395 0.28765322 0.27458948 0.2977485
 0.27838418 0.27379162 0.29148022 0.27761456 0.29201486 0.25398665
 0.27670744 0.26982444 0.26461403 0.28400932 0.27872694 0.28276655
 0.27591584 0.2796769  0.25127001 0.26866647 0.27202229 0.27659706
 0.26391159 0.2845644  0.27896333 0.28347618 0.26558204 0.27125922
 0.2672806  0.29129119 0.27527781 0.28387542 0.2716764  0.26138379
 0.29412679 0.26869086 0.26879668 0.27312609 0.28664403 0.26572479
 0.26560922 0.26853163 0.26481521 0.26365642 0.26576862 0.29854397
 0.26681685 0.26045121 0.27537957 0.27533423 0.27932202 0.27006833
 0.29418649 0.26467833 0.27531024 0.25998309 0.27069    0.2967485
 0.28940279 0.26956016 0.26667582 0.28869633 0.28497344 0.26856165
 0.28299819 0.26624696 0.27388566 0.2681012  0.27295704 0.28043805
 0.29403413 0.28603949 0.27933797 0.26631326 0.27504011 0.27025465
 0.29228372 0.2952765  0.26540014 0.27489347 0.26035088 0.24573888
 0.27020945 0.28791838 0.27534762 0.27802346 0.26196767 0.26690428
 0.2693852  0.27032057 0.28098474 0.27667729 0.28177875 0.26385546
 0.2714282  0.280682   0.26384028 0.27496121 0.27744202 0.26634736
 0.28689008 0.27609199 0.28320366 0.27466156 0.27819226 0.27526847
 0.26130958 0.26899188 0.28908561 0.27165294 0.27285573 0.28233003
 0.2736277  0.27788571 0.26046707 0.27872717 0.25515202 0.28073866
 0.28313184 0.26873856 0.26804372 0.27527216 0.26545548 0.26604353
 0.28000423 0.27289131 0.26067848 0.27457484 0.26449945 0.26435106
 0.2695209  0.26789532 0.26565054 0.27949835 0.28523589 0.25344555
 0.27626711 0.28122397 0.26481692 0.26489544 0.28034912 0.2731225
 0.26756321 0.27852691 0.26443332 0.26756108 0.27234591 0.27377207
 0.28004604 0.27561416 0.26620287 0.27273651 0.27782123 0.27504896
 0.27404854 0.26845351 0.26974306 0.27394759 0.26471874 0.28285591
 0.27166373 0.2739161  0.28837798 0.26990559 0.26330414 0.28628566
 0.2772497  0.26813615 0.27754127 0.26399415 0.28419318 0.25195856
 0.26389186 0.28722508 0.2645442  0.27918149 0.25971899 0.26191128
 0.28524431 0.26477213 0.26111103 0.25699903 0.27494678 0.2790497
 0.26854551 0.26023222 0.25372448 0.26493421 0.2646639  0.27585238
 0.27171585 0.28003775 0.26769276 0.24621631 0.25284665 0.28426695
 0.26665583 0.26483956 0.27094249 0.28535436 0.28066624 0.2724999
 0.27732889 0.27885992 0.26643862 0.25971398 0.25764432 0.27321859
 0.27536479 0.28151959 0.26761314 0.29090494 0.25657251 0.27288446
 0.27356926 0.26615703 0.27507358 0.2556458  0.25401726 0.26435059
 0.26720443 0.25601895 0.27042318 0.2882739  0.26574277 0.26756304
 0.26559258 0.2668687  0.27794775 0.26042134 0.25547072 0.2656666
 0.26882036 0.26032778 0.26782418 0.26969895 0.28808443 0.25143048
 0.2797068  0.25763788 0.27354856 0.27588748 0.27442265 0.27279604
 0.2844482  0.27020407 0.26933944 0.26525728 0.27720873 0.2769282
 0.27833871 0.27883681 0.26549845 0.25137891 0.27760125 0.26229068
 0.28205508 0.26998725 0.27518396 0.26751726 0.26758945 0.27480283
 0.26586608 0.2723402  0.27151896 0.25713177 0.28641012 0.28787108
 0.27846956 0.27855438 0.26707846 0.26957225 0.26897655 0.27289657
 0.25855516 0.27216295 0.2711427  0.26797952 0.23888126 0.25982438
 0.26005863 0.28797414 0.25280351 0.24463336 0.27814493 0.28373919
 0.27748308 0.25092984 0.24953166 0.28496334 0.26616665 0.28854949
 0.26715056 0.28038415 0.28559451 0.25847389 0.27130873 0.272008
 0.27364489 0.25456555 0.26077618 0.27033383 0.26239418 0.2669651
 0.26396042 0.25195164 0.27058797 0.25201813 0.26178857 0.27211241
 0.28303204 0.26821048 0.28031602 0.28143852 0.25715049 0.25682966
 0.29241804 0.26984305 0.26840959 0.27134806 0.27457295 0.26759341
 0.27690916 0.27141009 0.26889014 0.28062192 0.26295559 0.26707551
 0.26360691 0.26375396 0.28170539 0.28013012 0.26734847 0.25859066
 0.24433026 0.28165163 0.26197725 0.26817424 0.26516274 0.24465089
 0.28041513 0.28336448 0.26615094 0.27543003 0.27063689 0.2518883
 0.26486822 0.26729699 0.25856041 0.2684753  0.27529919 0.27597536
 0.26399473 0.2692639  0.27618957 0.25758293 0.25901634 0.26595599
 0.26491421 0.26754323 0.27392012 0.2541698  0.25248035 0.26207069
 0.26195496 0.26018656 0.27718475 0.27546995 0.25280474 0.27758925
 0.27547084 0.27290821 0.27989176 0.24537293 0.28446415 0.26163337
 0.27208212 0.27708945 0.27500791 0.27406759 0.27714437 0.2823834
 0.26881253 0.26775079 0.27016338 0.26638936 0.26662368 0.26607848
 0.27694408 0.26961899 0.26008847 0.28349095 0.27099955 0.27002438
 0.26584028 0.25529771 0.26078886 0.27075682 0.26228482 0.27303694
 0.26264302 0.26661424 0.26987466 0.27863502 0.26751158 0.26968665
 0.27106803 0.28302671 0.26528376 0.29261325 0.27757391 0.26613942
 0.26003476 0.26332381 0.28010045 0.27334069 0.26644801 0.27527934
 0.26616627 0.25939725 0.27097224 0.26380759 0.26835853 0.26986702
 0.28136089 0.26257762 0.26067049 0.2592549  0.2678937  0.27161624
 0.27424019 0.27610457 0.28707435 0.26381729 0.27631894 0.25850152
 0.2698025  0.26319074 0.25875348 0.26014528 0.26839709 0.26487828
 0.28120239 0.28090136 0.27350515 0.27526115 0.26908892 0.25941148
 0.27256036 0.26967023 0.28058679 0.28488634 0.26300879 0.25846205
 0.26132341 0.26698998 0.27364836 0.26639306 0.27933227 0.27915498
 0.27442396 0.27291861 0.27533158 0.2581671  0.26020035 0.28134966
 0.28741738 0.27363491 0.26896819 0.26749198 0.26262855 0.26809514
 0.26973185 0.26548128 0.24951117 0.25657337 0.27575626 0.25918738
 0.24432209 0.26012627]
