-0.13996781 1.92050639 0.18909566 0.34119798
 0.48065281 1.58385108 0.18798571 -0.03792431
 0.68419081 0.28208635 -0.11734012 -0.42919178
-0.1223331 1.91348723 0.01067916 0.17888135
0.05265735 1.71122837 0.5626126 0.24920616
 1.3542278 0.06747857 0.07426253 -0.55442557
 1.33707127 0.06156137 0.07246648 -0.56597247
 1.35425348 0.06474475 0.07548661 -0.55770228
-0.87640609 1.21653367 -0.0981657 0.5856732 
 1.35639318 0.06896794 0.07202921 -0.55175486
 1.76443289 0.29923514 -0.08813088 0.38575019
 0.12526133 0.15713068 1.42885296 -1.89995847
 1.76725139 0.29473641 -0.08980916 0.38831955
 1.7705945 0.29682376 -0.09827891 0.39012911
 1.76689707 0.29884523 -0.09116659 0.38905265