 -0.04415449 0.70038304 0.82319783 0.29047149 0.84384675 0.9504874
 1.31096678 0.02616387 0.02682745 0.25484326 0.90009012 1.0494339
 0.11902736 0.99997741 0.619361 0.77253406 0.40974993 -0.18747289
 0.71249822 0.81712827 0.72091881 1.44256837 1.39976831 1.21866477
 0.8146205 0.92895158 0.77089545 1.01334097 0.60169047 0.17258287 0.8688795 0.61497768 -0.04630648 1.12133342 -0.15755899 0.37377086
 -0.00925944 -0.01174151 0.06281842 0.74240703 -0.02749579 0.45734357
 -1.2007058 0.65974306 1.23087612 0.4489477 1.01425282 0.7985823
 0.57056884 0.12753377 0.70947945 1.45548608 0.68249454 1.38221185
 0.02351599 0.97035703 0.44433839 0.04886533 0.97689791 0.66825382 0.05486922 0.91283709 0.60950206 0.04012417 0.52102281 0.45208965
 0.25110671 0.01117277 0.01469358 0.38265376 0.42192772 0.65907805
 -0.25937755 0.8080239 0.57560249 0.83163574 -0.00439509 0.39833944
 0.93586944 0.7797384 0.97980446 1.4721143 1.37257492 1.4340527
 0.49847566 0.70054616 0.22031854 0.86879564 0.20410846 0.11408791 0.67731086 0.50925678 0.59759852 0.29820101 0.90985954 -0.08882112
 0.67220648 1.34372307 0.11158156 1.06645524 0.61975585 -0.05745292
 0.84241287 0.13333804 0.07148179 0.51759659 0.16609285 -0.10568077
 1.13866937 0.61006867 1.08208956 1.45307526 0.13672562 0.0065067
 0.15836376 0.12253019 0.06077869 -0.09699187 0.02050128 0.25253321 2.70934313e-01 5.19792113e-01 9.22319604e-01 9.94118150e-01
 9.02308346e-01 4.51396233e-02 2.25992329e-01 -1.17877250e-03
 -1.38384682e-02 5.70631137e-01 -8.35996757e-02 7.02515711e-01
 3.07998864e-01 4.71182079e-01 1.08368550e+00 1.17692333e+00
 -4.49055166e-02 -8.96381276e-02 1.61652283e+00 3.37501680e-01
 1.35197234e-01 1.49703757e+00 5.60040762e-01 1.46837741e+00
 3.01660926e-01 4.21938113e-01 4.29657926e-01 1.62419728e-01
 7.81767831e-01 1.36915653e-01 1.20937969 0.29184588 0.23185042 0.53250798 0.35215575 0.83533232
 1.0635812 0.02667193 0.41918267 0.88280795 -1.27307161 1.14967654
 0.74793307 0.52199428 0.47906237 0.36161512 0.38122166 0.29341273
 1.33745977 0.42845657 0.54743551 1.27948033 0.4115115 0.71130308
 0.33939928 0.38871996 0.58615191 0.7980247 0.11858178 0.54189647 1.31953254 0.43721864 0.60407176 1.26250943 1.19678166 0.6646536
 0.89843353 1.08322876 0.15320738 0.63640733 1.57640373 0.8076052
 0.17097646 0.47054842 1.35365816 0.44063449 0.19185729 0.36193819
 1.25566567 0.16769616 0.4882509 0.01707831 0.89394461 0.85190035
 0.94101042 0.13275448 0.03449149 1.19524009 0.88671763 0.3391289 -0.09430542 0.1337794 -0.11240762 1.00857373 0.5074096 -0.13660279
 0.69291005 0.92757785 0.27319384 0.98370943 1.76772418 0.98867085
 1.0305226 1.57267747 0.7444595 0.71913891 0.56676925 -0.09421166
 0.34449715 0.41526668 0.29338205 1.32766287 0.32867785 0.83290231
 0.10900178 0.82412507 0.92734334 0.08846857 0.26431613 0.50981005 0.6351185 0.06659091 0.30667142 0.62888627 -0.33780402 0.50456207
 1.07766414 0.52770812 0.87193107 0.96520803 1.21897183 1.78029116
 0.92566081 0.50682541 0.90289432 0.13595127 0.09202239 0.00478723
 0.75852684 0.54151701 0.24284986 1.03385567 1.02647129 0.28126563
 0.64317616 0.39260783 0.74972583 0.69271987 0.16881664 -0.35403522 1.55095728 1.2974725 0.38505498 0.11070953 0.26444989 1.29869024
 0.22334108 1.47841862 0.97321119 0.82649573 1.37135952 0.56380823
 -0.06078206 0.34717195 0.19802178 0.58792028 0.37172707 1.22198899
 -0.0316026 1.37213045 1.19300781 0.65058447 0.80432505 0.78273949
 0.11536065 0.38067365 0.7117013 1.06368951 0.10456316 0.30668813 -0.33417392 -0.58733374 0.33705303 0.3684209 0.87504113 0.56253388
 0.22216949 0.54615861 1.53426004 0.57234431 0.14522128 0.12415283
 1.35514643 1.29414378 1.6656097 -0.22395465 -0.07658301 0.19134404
 -0.38425515 0.22835038 0.38906167 0.76233239 0.14298235 0.72470084
 0.42569491 0.77325958 0.60520939 1.42061795 0.76914748 0.62210522 0.78607135 0.02766631 -0.16070544 1.91017368 0.29679754 -0.17170623
 0.67440117 0.95522941 0.39563034 0.03158846 -0.14473577 0.56949971
 -0.11314617 1.5741772 0.81125537 0.12136461 0.55309503 0.29069722
 0.8206447 0.29812684 0.54288806 0.75152895 0.57427211 0.85770703
 0.01099348 0.3340418 0.80841312 1.04639588 0.48000693 -0.41244578 0.44818791 0.45106571 -0.40389704 0.72740209 1.80448231 -0.66569727
 0.81989446 -0.13567674 0.624459 0.44945362 -0.13738658 0.68157589
 0.09926711 -0.01188321 0.16981115 -0.17592771 1.10306116 0.80972598
 0.57180122 0.33283327 0.57752661 0.58968792 0.51717974 -0.32601043
 0.03805062 0.48404902 0.75420826 -0.32641183 0.62094751 0.47852298 -0.28351582 0.62123346 0.66273799 0.35920894 0.49525408 0.1721152
 1.2863654 0.24218801 0.55038788 0.62401388 -0.154571 0.52302216
 0.49687208 1.07128569 0.5271218 0.69271444 0.54382833 0.70867334
 0.16706235 0.40972658 -0.08652808 0.67430587 0.53740987 0.17891664
 0.22497389 0.25120495 0.27025948 0.01201563 0.42983869 0.50740947 0.47560708 -0.05124745 1.10166108 -0.54502238 0.98227824 0.55048418
 1.57618449 -0.08105653 0.36350332 1.24953921 -0.30420256 1.26703368
 1.10226808 1.32687847 1.06786689 0.39926511 0.07699777 0.54369714
 0.73219377 0.70057824 0.62576915 0.17360155 0.75506744 0.47483804
 0.1544669 0.69267404 0.85628597 0.18312794 0.19526687 0.48008231