0.425 0.40859375 0.46816406 0.39472656 0.47207031 0.42578125
 0.37988281 0.32441406 0.35703125 0.36894531 0.3984375 0.28457031
 0.37871094 0.44824219 0.334375 0.4890625 0.35078125 0.52167969
 0.40097656 0.2390625 0.32402344 0.45195313 0.40898438 0.34726563
 0.52089844 0.36503906 0.24042969 0.36152344 0.40429688 0.44472656
 0.30996094 0.30546875 0.39824219 0.30195312 0.33144531 0.484375
 0.30605469 0.18554688 0.29121094 0.22617187 0.30019531 0.35683594
 0.29414062 0.24316406 0.49785156 0.40527344 0.37011719 0.29824219
 0.36933594 0.25351563 0.37304688 0.40976563 0.40625 0.31113281
 0.41445312 0.51503906 0.45 0.30644531 0.24882813 0.17460938
 0.4421875 0.45195313 0.35820313 0.47421875 0.39121094 0.23710938
 0.42402344 0.25117187 0.25273438 0.29023437 0.51171875 0.33632812
 0.36699219 0.36875 0.29296875 0.48066406 0.38828125 0.24648438
 0.36679688 0.4140625 0.2390625 0.24394531 0.33847656 0.30136719
 0.35976562 0.32089844 0.45996094 0.37265625 0.31992188 0.37539062
 0.3796875 0.41972656 0.2921875 0.42246094 0.38632813 0.30859375
 0.23691406 0.35761719 0.29921875 0.43671875
 0.52460938 0.48183594 0.48222656 0.459375 0.47578125 0.45566406
 0.45566406 0.44960937 0.44492188 0.43125 0.39492187 0.42929688
 0.35039063 0.35429688 0.41582031 0.36894531 0.30136719 0.33300781
 0.38847656 0.31269531 0.26152344 0.34160156 0.48613281 0.42578125
 0.30742188 0.34882812 0.24667969 0.24316406 0.35917969 0.17324219
 0.24492188 0.37226562 0.42949219 0.17734375 0.30429688 0.246875
 0.34472656 0.35859375 0.41992188 0.23007812 0.36464844 0.29902344
 0.35429688 0.23359375 0.36308594 0.17109375 0.446875 0.18183594
 0.29296875 0.38984375 0.51113281 0.35742188 0.26132813 0.29492188
 0.29921875 0.45410156 0.49199219 0.32636719 0.32226562 0.38984375
 0.41152344 0.32910156 0.36796875 0.37695312 0.24199219 0.40429688
 0.31777344 0.33085938 0.31132813 0.31328125 0.37988281 0.48867187
 0.33222656 0.31757812 0.29785156 0.30546875 0.28242187 0.17421875
 0.36777344 0.37382813 0.36660156 0.34765625 0.24238281 0.36425781
 0.46914062 0.23828125 0.43632813 0.44316406 0.234375 0.39394531
 0.46894531 0.53378906 0.17246094 0.378125 0.32382813 0.1609375
 0.23574219 0.22753906 0.31484375 0.36425781
 0.49316406 0.52929688 0.5 0.49140625 0.46113281 0.44609375
 0.4859375 0.54589844 0.48671875 0.55 0.49589844 0.55371094
 0.51835937 0.51503906 0.475 0.43574219 0.48359375 0.45410156
 0.4921875 0.53105469 0.46816406 0.39394531 0.40800781 0.41054687
 0.50351563 0.42246094 0.42792969 0.34550781 0.41191406 0.34101562
 0.43183594 0.43066406 0.41484375 0.37890625 0.33183594 0.325
 0.28574219 0.29082031 0.36777344 0.40175781 0.32265625 0.35742188
 0.34570312 0.46171875 0.31542969 0.26875 0.33847656 0.36542969
 0.39589844 0.49707031 0.42792969 0.45839844 0.41640625 0.29628906
 0.44824219 0.33476563 0.40117188 0.36171875 0.50136719 0.25742188
 0.23925781 0.36464844 0.44277344 0.38378906 0.32109375 0.43515625
 0.31640625 0.30039063 0.44082031 0.30996094 0.36816406 0.30683594
 0.19570313 0.24316406 0.43691406 0.38046875 0.44746094 0.38886719
 0.46191406 0.43789062 0.41230469 0.50019531 0.29882812 0.28320312
 0.45546875 0.1828125 0.25996094 0.30859375 0.26933594 0.26835938
 0.37617187 0.4609375 0.37382813 0.38789062 0.43398437 0.30292969
 0.24296875 0.46640625 0.384375 0.18242188