Parameters Trained 1
[-4.56565551e-01  2.41609054e-01 -3.02531467e-01  2.04483707e-03
 -3.63293709e-01  3.23078047e-01  7.74733389e-01  1.18973960e+00
  5.06476883e-01  1.66436950e-01  1.30194947e+00  6.69663035e-01
  1.32640261e+00  6.10892273e-01  6.21792211e-01  6.35647405e-01
  3.99475198e-01 -1.30138981e-01 -5.75158440e-02  4.10682452e-01
  4.80966280e-01  2.57773396e-01  8.88816626e-01  1.05542067e+00
  6.89839444e-02  6.35080934e-01  5.72366964e-04  6.40911423e-01
  9.73703736e-01  2.64647468e-01]
Parameters Trained 2
[ 1.25682724 -0.34827349  1.19719409  0.89649736  0.25385262 -0.18063619
 -0.23763212  0.12792409  0.97797552  0.18350204  0.58965835  0.60812873
  0.52417836  0.52012905  0.3232735  -0.43069797  0.72841378  0.70892087
  0.96194901  0.39963442  0.79079146 -0.13762979  1.03262343 -0.33653784
  0.75451084  0.31465532  0.50381509  0.28090352  0.56148469  0.58058843]
Parameters Trained 3
[ 0.59330429  0.22643202 -0.10642754  0.84780342  0.37750241  0.03551263
  0.28109174  0.02434435  1.60113572 -0.15637595  0.55000285  0.6706522
  0.12337146  0.47127781  0.79440817  0.20156685  0.7108804   0.44281373
  0.71646079  0.24142734  0.15695094  0.09073648  1.07203599  0.65057052
  0.46388838  0.72558019  0.63022241 -0.25109436  0.68378506  0.77423527]
Parameters Trained 4
[ 0.09818828  0.98538493  1.18420628  1.12310409  0.53980997  0.15410872
  0.81034031 -0.3623699   0.1063703   0.38778111  0.61393825  0.24762987
  1.32914636 -0.52671846 -0.59170706 -0.14759183  0.94670163  0.80087235
  1.16545446 -0.1746784   0.63502984  0.3966351   0.86842794  1.30831144
  0.40064113  0.21748937  0.89668143  0.12407909  0.72974444  0.66660777]
Parameters Trained 5
[ 1.50240723 -0.46161059  1.72846908  0.84983611  0.35265683 -0.09456313
  0.11213805 -0.01575492  0.7753457   0.60483368  1.04882245  0.65048428
  0.4116927   0.1351283   0.40067703 -0.23567619  1.37184993  0.99910022
  0.42906645  0.16027775  0.67918896 -0.00830075  0.95412263  0.39377961
  0.92827597  0.65051388  0.17243312  0.6469615   0.22597393  0.50739272]
Parameters Not Trained 1
[ 0.10150767  0.83858763  0.64025068  0.26123155  0.53719252  0.40362709
  0.39271688  0.54427883 -0.5914183   0.92867968  0.42379233  0.63314736
 -0.55946823  0.40162037  0.09849179 -0.2068295  -0.16899339 -0.22787788
  0.81945649  0.36579125  0.89537396  0.68633864 -0.39311851  0.59023405
  0.50339701  0.05931941  0.44047078  0.56810045  0.44816965  0.18100033]
Parameters Not Trained 2
[ 5.53884434e-01  5.22321103e-01  6.43473928e-01 -5.11430897e-01
  5.00468102e-01  9.58316471e-01  4.79663866e-01 -4.30216698e-01
 -2.54717823e-01 -5.23372399e-04  2.00129669e-01  7.31291149e-01
  1.11157935e+00  9.47949126e-01 -4.34628335e-01  2.23067962e-01
  7.42460369e-01  9.97769307e-01 -3.48512009e-01  1.05331696e+00
  7.00987970e-01  8.63084932e-02  5.80513453e-01  1.57316834e+00
  8.10051510e-01  1.99894765e-01  4.85006833e-01  4.23774368e-01
  2.31196531e-01  5.14675841e-01]
Parameters Not Trained 3
[-0.29025136  0.83128405  0.79994059 -0.10595936  0.6725118   0.52761649
  0.42496201  0.41809494 -0.42419751  0.79318374  0.46573551  0.74025844
  0.35530067 -0.34112328  0.342945   -0.4844636   0.02002041  0.52782385
  0.53966432  0.81750878  0.29035431  0.96032236 -0.29060483 -0.27220629
  0.61230626  0.22716391  0.84051139  0.02422361  0.91431347 -0.14578864]
Parameters Not Trained 4
[ 0.7445246   0.41783238  0.23495409  0.67914346  0.27338695  1.07174496
  0.75135336  0.77517084  0.79639193  1.11513088 -0.25442116  0.13131522
  0.91239464  0.42915418  0.71751983 -0.15001418  0.73103784  1.02262261
 -0.47395336  0.70779612  1.00604401  1.3541608   0.8862325  -0.0788157
  0.77637558  0.96064158  0.76014441 -0.15546239  0.14409041  0.66693093]
Parameters Not Trained 5
[-0.03412792  1.13339245  0.32244905  0.63396266  0.09942096  0.74763658
  0.60114144  0.45193835 -0.59058235  1.55952622  1.08046272  0.09741374
 -0.08252105  0.01562685  0.64413804  0.36812706  0.64703779  0.19686356
  0.59067256 -0.07800175  0.48996415 -0.11880907  0.12993753  1.27201083
  0.72974479  0.37246949  0.36857565 -0.13038825  0.68202462  0.47198392]
