0.48671875 0.48505859 0.48125 0.45820312 0.44960937 0.44863281
 0.44677734 0.4484375 0.43183594 0.41923828 0.43222656 0.42382812
 0.42988281 0.39541016 0.40361328 0.38964844 0.37207031 0.36376953
 0.39404297 0.34794922 0.34677734 0.3390625 0.33642578 0.3203125
 0.31025391 0.30185547 0.31865234 0.30869141 0.32236328 0.30498047
 0.30849609 0.36728516 0.32832031 0.35820313 0.3234375 0.31660156
 0.30087891 0.34189453 0.31259766 0.29404297 0.31591797 0.31855469
 0.35136719 0.31357422 0.32207031 0.2984375 0.32695313 0.26953125
 0.34746094 0.30185547
 0.46445313 0.4328125 0.44648437 0.43232422 0.40878906 0.38095703
 0.36669922 0.39384766 0.33134766 0.31132813 0.34599609 0.34296875
 0.37265625 0.33642578 0.31074219 0.34882812 0.31132813 0.30888672
 0.31435547 0.29306641 0.34609375 0.35664062 0.34345703 0.3078125
 0.31210938 0.32802734 0.37880859 0.31298828 0.37587891 0.34462891
 0.31640625 0.32402344 0.35146484 0.39853516 0.30634766 0.31308594
 0.30097656 0.31191406 0.30283203 0.32666016 0.32851562 0.31845703
 0.30615234 0.30195312 0.30947266 0.31933594 0.36044922 0.36640625
 0.34326172 0.39472656
 0.46962891 0.48359375 0.48964844 0.48291016 0.47724609 0.48974609
 0.46787109 0.46103516 0.44970703 0.42714844 0.44833984 0.44482422
 0.42421875 0.40566406 0.39433594 0.39501953 0.42470703 0.41386719
 0.37128906 0.36582031 0.39111328 0.3640625 0.40957031 0.33867188
 0.38037109 0.32763672 0.33447266 0.31376953 0.35546875 0.30917969
 0.31826172 0.31455078 0.33916016 0.31982422 0.33828125 0.29833984
 0.32285156 0.31572266 0.32001953 0.31513672 0.309375 0.28242187
 0.36992188 0.32382813 0.31064453 0.33125 0.30068359 0.34013672
 0.30283203 0.31767578