Parameters Trained 1
[ 0.68160098  0.39325729  0.16561457  0.62176057 -0.48901462  1.21945913
  1.40769754 -0.04311535  0.85806577  0.5733348  -0.46194308  0.65121583
  0.65926     0.55231726  1.17322495  0.69965424  1.23639463  1.08613047
 -0.11084312  0.406039    0.68991786 -0.18229244  1.07370651  1.89514605
  0.6299239   0.55638076  0.74730617  0.69772432  0.60537065  0.14338048]
Parameters Trained 2
[ 0.80804425 -0.37420841  0.79212286  1.14350466  0.14101317  0.65059603
  0.38104041  1.40620446  1.40071909  1.01993746  0.45205578 -0.24432433
  1.23761919  0.43259075  0.81957866  0.26145951  1.12524177  0.53938075
  0.05472217  1.19840823  1.01543207  0.30214644  0.23883896  1.40398142
  0.09148906  0.56112305  0.17875014 -0.17810913  0.57667966  0.23819145]
Parameters Trained 3
[-0.64159993  0.20646029  0.42024319 -0.50100398  0.72437343  0.77432151
  0.78872928  0.03589348  0.38992167 -0.56408642 -0.46003453 -0.46842256
  1.08766528  0.50597425  0.78472522 -0.51278777  0.43969968  0.08136923
  1.39773425  0.37005243  0.43370318  1.07490161  0.45310442 -0.21522658
  0.27378666  0.96600517  0.80378726  0.41089068  0.30995972  0.26103542]
Parameters Trained 4
[-0.05915179  0.41102764  0.63019038  0.8687515   0.68736286 -0.45526167
  1.03949305  0.66812434  0.36978833 -1.28343355  0.52517498  0.6010951
  1.06114389  0.57977473  0.15407435 -0.88885811  0.85519808  0.29190269
 -0.32535058  0.53818965  0.11265891  0.78320572  0.60990151  0.96689471
  0.72721617  0.85817717  0.14549158 -0.02565242  0.31770388  0.60120405]
Parameters Trained 5
[ 1.3546386  -0.68492069  1.32675276  0.70975031 -0.25804357 -0.03292287
 -0.23209334 -0.02722733  1.02646266  0.88906703  0.9731988   0.22140332
  0.70753476 -0.12945089  0.2800249  -0.25044704  0.40025237  0.67401177
 -0.15942484  0.27292738  0.13852864  0.51453477  0.48452735  0.24036504
  0.1784511   0.0986449   0.79732135  0.43627111  0.16991365  0.67511566]
Parameters Not Trained 1
[ 0.86200956  1.56826046 -0.10580976  0.39943158  0.51873948  0.47593047
  0.35226766  0.74004856 -0.48991708  1.21432066  0.00665094  0.99783124
 -0.69988833  0.31481221  0.04329783  1.04117489  0.48863556 -0.26289328
  0.84955175  0.51169005  0.59588169  0.58845915 -0.36182604  0.64307165
  0.54057696  0.02764308  0.37960164  0.21677366  0.31242873  0.63351989]
Parameters Not Trained 2
[ 1.49765413  0.68514093 -0.11142318 -0.35833075  0.21095959 -0.33674407
  0.58898831  0.81388397  0.08307792  1.12454906 -0.17577339  0.55511429
  0.82669054  1.13597438  0.4244789   0.43762672  0.46969473  0.12144459
  0.24096543  0.25748209  0.30547523 -0.21134136  1.05680323  1.35960219
  0.42140213  0.3857906   0.126805    0.10985264  0.33556152  0.21381087]
Parameters Not Trained 3
[-0.49327908  0.99843051  0.86253612  1.36936794  0.06640041 -0.0264009
  0.9727753   0.4013804   0.52346669  0.72618604  0.80953215 -0.31740346
  0.85680616  0.0482276   0.11501374  0.06280021 -0.12055819  0.02096305
  0.49983373  0.31310542 -0.05082776  0.61187658  1.31372617 -0.00614545
  0.46483884  0.29394672  0.78927181  1.09398697  0.59553366 -0.06196885]
Parameters Not Trained 4
[ 0.7554809   0.89351555  0.24546501  0.92496758  0.13519868  0.98305571
  0.09955693  0.66758313 -0.52584542  0.51224846  0.34236517  0.49469956
 -0.29853408  1.01003987  1.3305182   0.49062454  0.33910699  0.35898429
  0.34827369  0.65132455  0.54629505  0.81838111  1.19524327 -0.09690688
  0.12769343  0.75622103  0.67866628  0.47197513  0.34436694  0.29119391]
Parameters Not Trained 5
[-0.37845889  0.86544536  0.9111892   1.37463927  0.06463482  0.06471947
  0.80289141  0.44900238  0.62253627  0.25973972  0.27429966 -0.18299496
  0.71482003  0.45411943  0.00439158  0.15901422  0.59648877  0.41593723
  1.04771273  0.45795655  0.44805151  0.83318299  0.32416216 -0.63758271
  0.40929455  0.4009612   0.58793446  0.31515047  0.51747224  0.31912732]
