0.50179688 0.49664063 0.49292969 0.5025 0.49113281 0.50386719
 0.49441406 0.48871094 0.49046875 0.49929687 0.48433594 0.50117188
 0.49160156 0.50121094 0.49648437 0.49125 0.49195312 0.49132813
 0.4934375 0.48695312 0.49988281 0.49601563 0.51492187 0.49253906
 0.49417969 0.48984375 0.48285156 0.489375 0.48246094 0.48847656
 0.48417969 0.48554687 0.49027344 0.49238281 0.485625 0.48714844
 0.49027344 0.48710938 0.47527344 0.49222656 0.484375 0.49234375
 0.47847656 0.47960938 0.47417969 0.48519531 0.47765625 0.47742187
 0.475625 0.47832031 0.46214844 0.47507813 0.46933594 0.48488281
 0.48019531 0.46476563 0.48285156 0.46394531 0.46984375 0.46613281
 0.46675781 0.46328125 0.47292969 0.46339844 0.47449219 0.46046875
 0.47761719 0.46429687 0.44398437 0.46214844 0.45066406 0.45957031
 0.4515625 0.45722656 0.46859375 0.46773437 0.46628906 0.45601562
 0.45386719 0.46375 0.44960937 0.44816406 0.45496094 0.44429687
 0.45007812 0.45355469 0.46148438 0.44953125 0.45476563 0.45671875
 0.4484375 0.43980469 0.44960937 0.44640625 0.45609375 0.43613281
 0.44398437 0.44902344 0.44246094 0.44597656 0.44089844 0.44976563
 0.46101562 0.44089844 0.44894531 0.45300781 0.44660156 0.45429687
 0.43847656 0.4565625 0.44179687 0.4371875 0.44265625 0.43949219
 0.44511719 0.44015625 0.4459375 0.4403125 0.44507812 0.44128906
 0.43796875 0.43527344 0.45070312 0.43957031 0.44679687 0.44773438
 0.43527344 0.443125 0.44101563 0.44792969 0.44691406 0.44699219
 0.44230469 0.45054688 0.44941406 0.4390625 0.44332031 0.44269531
 0.44441406 0.44296875 0.44191406 0.45265625 0.43503906 0.43402344
 0.43878906 0.43640625 0.44269531 0.43277344 0.43679687 0.45527344
 0.43609375 0.43945312 0.44273438 0.43898437 0.436875 0.44257812
 0.43953125 0.44042969 0.44945313 0.43808594 0.43484375 0.43367187
 0.44199219 0.44300781 0.45808594 0.44125 0.44476562 0.44839844
 0.44164063 0.44074219 0.44472656 0.44695313 0.44222656 0.43765625
 0.451875 0.4290625 0.43804688 0.43074219 0.43589844 0.44796875
 0.44652344 0.43554688 0.43425781 0.45066406 0.42515625 0.44214844
 0.43074219 0.4384375 0.43527344 0.44363281 0.440625 0.44484375
 0.44558594 0.44128906 0.43296875 0.44539062 0.4421875 0.4415625
 0.42921875 0.43914063 0.43292969 0.44335938 0.43355469 0.431875
 0.43988281 0.43703125 0.4371875 0.44074219 0.4340625 0.43394531
 0.44285156 0.43648437 0.43148437 0.43605469 0.44332031 0.44980469
 0.44085937 0.45746094 0.4375 0.45117188 0.44230469 0.43539062
 0.44542969 0.45132813 0.44582031 0.43375 0.43617187 0.43191406
 0.43117187 0.43246094 0.43648437 0.44371094 0.44453125 0.4371875
 0.44214844 0.4378125 0.44457031 0.44058594 0.43957031 0.4425
 0.45042969 0.43804688 0.43675781 0.43769531 0.43640625 0.44054688
 0.4434375 0.43144531 0.43851563 0.43089844 0.44351563 0.43367187
 0.43871094 0.43585937 0.43566406 0.43898437 0.44453125 0.45132813
 0.44105469 0.43589844 0.44351563 0.44070312 0.44570312 0.43261719
 0.43863281 0.43804688 0.43558594 0.43503906 0.45089844 0.44226562
 0.44046875 0.44480469 0.43875 0.4415625 0.43078125 0.44644531
 0.44292969 0.45699219 0.4446875 0.43667969 0.44402344 0.44488281
 0.43914063 0.43984375 0.43667969 0.43246094 0.43894531 0.44734375
 0.44128906 0.4396875 0.44078125 0.45476563 0.43925781 0.43925781
 0.44167969 0.43894531 0.44683594 0.43832031 0.44375 0.44839844
 0.44867187 0.44414063 0.44875 0.4409375 0.43539062 0.43445312
 0.43523438 0.43847656 0.43617187 0.43332031 0.43789062 0.44613281
 0.43839844 0.43625 0.43453125 0.43351563 0.43320313 0.4328125
 0.43980469 0.4321875 0.43417969 0.43667969 0.42910156 0.43625
 0.4334375 0.435 0.43746094 0.4353125 0.43945312 0.44480469
 0.44980469 0.44769531 0.44765625 0.44085937 0.42976562 0.44117187
 0.45886719 0.4528125 0.43003906 0.440625 0.45015625 0.43441406
 0.43539062 0.44738281 0.44101563 0.44507812 0.43992188 0.44960937
 0.43902344 0.44976563 0.43066406 0.44867187 0.43351563 0.44980469
 0.43199219 0.43460938 0.43597656 0.43832031 0.44101563 0.43414063
 0.43570313 0.44695313 0.43390625 0.44261719 0.4525 0.44191406
 0.4365625 0.43378906 0.43320313 0.42890625 0.44015625 0.43828125
 0.42089844 0.44300781 0.44902344 0.43792969 0.44507812 0.43957031
 0.43460938 0.44964844 0.44984375 0.44011719 0.43796875 0.43648437
 0.4359375 0.43660156 0.44125 0.44871094 0.43472656 0.44070312
 0.43992188 0.42835937 0.44097656 0.44054688 0.44921875 0.43414063
 0.43730469 0.44246094 0.43175781 0.44871094 0.44238281 0.44152344
 0.4403125 0.43855469 0.43992188 0.446875 0.44234375 0.43523438
 0.44074219 0.45449219 0.435 0.43851563 0.44308594 0.42578125
 0.44332031 0.42914062 0.43863281 0.4409375 0.43070313 0.43011719
 0.43550781 0.44460937 0.43238281 0.4390625 0.4378125 0.43355469
 0.445625 0.44066406 0.43265625 0.43066406 0.44214844 0.43195312
 0.43835937 0.43996094 0.4396875 0.43324219 0.44511719 0.44558594
 0.43851563 0.43285156 0.43664063 0.43867187 0.42972656 0.44472656
 0.43125 0.43402344 0.44070312 0.44316406 0.43789062 0.44398437
 0.44875 0.43746094 0.438125 0.44074219 0.436875 0.44355469
 0.43851563 0.43429688 0.44226562 0.44457031 0.43488281 0.44875
 0.4334375 0.43953125 0.43191406 0.43816406 0.44132813 0.448125
 0.43683594 0.43839844 0.43683594 0.42976562 0.44226562 0.43429688
 0.43941406 0.44761719 0.44710937 0.44707031 0.4365625 0.44359375
 0.42910156 0.44609375 0.43378906 0.43675781 0.44265625 0.44417969
 0.44457031 0.43632813 0.44257812 0.44261719 0.44371094 0.44667969
 0.44484375 0.44605469 0.43769531 0.45105469 0.44445313 0.44117187
 0.43722656 0.443125 0.43332031 0.438125 0.43292969 0.44613281
 0.43351563 0.43023438 0.43789062 0.44085937 0.44304688 0.44351563
 0.44046875 0.42503906 0.43953125 0.43367187 0.44152344 0.44960937
 0.44027344 0.43945312 0.44179687 0.44417969 0.44308594 0.43542969
 0.44894531 0.44417969 0.43648437 0.43714844 0.44289062 0.44242188
 0.43222656 0.43480469 0.43554688 0.44132813 0.44871094 0.43570313
 0.44105469 0.43769531 0.43105469 0.45148437 0.43328125 0.43847656
 0.44785156 0.4340625 0.43933594 0.43355469 0.43761719 0.445
 0.43019531 0.45007812 0.44621094 0.43179688 0.44546875 0.43308594
 0.44890625 0.43902344 0.44371094 0.43179688 0.43800781 0.42941406
 0.445 0.44695313 0.44296875 0.44273438 0.43867187 0.4359375
 0.43296875 0.44242188 0.43410156 0.44980469 0.43730469 0.4340625
 0.43816406 0.431875 0.43832031 0.43425781 0.43285156 0.44773438
 0.44007812 0.43808594 0.4396875 0.43292969 0.44785156 0.44765625
 0.44535156 0.43722656 0.43554688 0.42570313 0.43894531 0.43859375
 0.43839844 0.43875 0.44578125 0.44003906 0.4471875 0.43417969
 0.44226562 0.44144531 0.43539062 0.43441406 0.43855469 0.44363281
 0.45851562 0.44757812 0.44679687 0.44265625 0.45152344 0.44738281
 0.42957031 0.44730469 0.44996094 0.45492187 0.45105469 0.4365625
 0.43269531 0.44585938 0.43769531 0.44484375 0.43910156 0.43496094
 0.43546875 0.43722656 0.43289062 0.4440625 0.44664063 0.43972656
 0.44222656 0.43632813 0.45058594 0.43328125 0.44328125 0.43722656
 0.46089844 0.44425781 0.43671875 0.44660156 0.44761719 0.43675781
 0.43890625 0.44125 0.44507812 0.43441406 0.45214844 0.43371094
 0.44785156 0.445625 0.44234375 0.43472656 0.44273438 0.43445312
 0.42933594 0.436875 0.43253906 0.43738281 0.4434375 0.44671875
 0.4353125 0.44585938 0.43257812 0.43347656 0.44570312 0.44984375
 0.4484375 0.43648437 0.4425 0.44148437 0.43125 0.43289062
 0.42753906 0.44097656 0.43734375 0.43265625 0.44480469 0.43171875
 0.45078125 0.43296875 0.44253906 0.43800781 0.44582031 0.43917969
 0.43863281 0.440625 0.44097656 0.44699219 0.44003906 0.43269531
 0.43578125 0.42636719 0.43394531 0.4359375 0.43007812 0.44363281
 0.43667969 0.43324219 0.44078125 0.44355469 0.43742188 0.43539062
 0.43453125 0.43546875 0.45425781 0.43382813 0.43367187 0.44214844
 0.44523438 0.44332031 0.4328125 0.43511719 0.44898437 0.434375
 0.43957031 0.43242188 0.4328125 0.43351563 0.44824219 0.4371875
 0.4496875 0.44273438 0.43503906 0.430625 0.44511719 0.43542969
 0.44609375 0.44609375 0.44589844 0.44347656 0.43980469 0.42742188
 0.44710937 0.43265625 0.43882813 0.43460938 0.42488281 0.43988281
 0.44183594 0.4434375 0.44636719 0.44988281 0.44628906 0.43710938
 0.43714844 0.43238281 0.44652344 0.44238281 0.44679687 0.44203125
 0.43570313 0.44339844 0.43542969 0.43914063 0.43765625 0.43691406
 0.44121094 0.44191406 0.44347656 0.43941406 0.44234375 0.43207031
 0.43644531 0.44003906 0.44632813 0.44574219 0.44023438 0.43808594
 0.43277344 0.4359375 0.44246094 0.43558594 0.43585937 0.44734375
 0.43761719 0.44117187 0.43691406 0.45445313 0.43492188 0.45359375
 0.43570313 0.44792969 0.43628906 0.4378125 0.444375 0.43914063
 0.42867187 0.45585938 0.43472656 0.44152344 0.44039062 0.43277344
 0.44164063 0.43683594 0.45007812 0.4421875 0.43894531 0.44238281
 0.4253125 0.43039063 0.43109375 0.44054688 0.43554688 0.440625
 0.44054688 0.441875 0.43921875 0.44105469 0.44199219 0.44742188
 0.44332031 0.44183594 0.44511719 0.43199219 0.440625 0.431875
 0.44761719 0.43742188 0.44289062 0.43480469 0.43625 0.4434375
 0.44535156 0.43507812 0.43722656 0.44640625 0.43449219 0.43984375
 0.44503906 0.45429687 0.44785156 0.43578125 0.43570313 0.44636719
 0.43214844 0.43667969 0.43757812 0.43546875 0.4453125 0.44332031
 0.44367187 0.43664063 0.45886719 0.44867187 0.42921875 0.44503906
 0.43261719 0.43277344 0.43234375 0.43359375 0.43359375 0.45042969
 0.43808594 0.45066406 0.43859375 0.43941406 0.45238281 0.44480469
 0.43960938 0.44597656 0.43667969 0.42335937 0.4334375 0.43894531
 0.45359375 0.44695313 0.435 0.43660156 0.4421875 0.44171875
 0.43535156 0.43109375 0.43914063 0.4375 0.4303125 0.43234375
 0.44640625 0.43714844 0.45253906 0.43589844 0.4434375 0.43625
 0.43945312 0.43976562 0.44609375 0.43585937 0.43613281 0.43769531
 0.4403125 0.43136719 0.44335938 0.45566406 0.44648437 0.434375
 0.43417969 0.43558594 0.44988281 0.44996094 0.43621094 0.43488281
 0.43054687 0.4390625 0.44292969 0.44582031 0.44886719 0.44632813
 0.43957031 0.43609375 0.43976562 0.44609375 0.43835937 0.44117187
 0.45769531 0.43613281 0.44394531 0.44011719 0.44066406 0.43507812
 0.451875 0.43894531 0.43550781 0.43730469 0.44980469 0.4403125
 0.4465625 0.43835937 0.44097656 0.44171875 0.43457031 0.4384375
 0.43921875 0.44613281 0.4325 0.44050781 0.44351563 0.44464844
 0.43882813 0.43710938 0.45007812 0.43816406 0.44121094 0.44480469
 0.44296875 0.44792969 0.44878906 0.431875 0.441875 0.43378906
 0.44496094 0.44335938 0.44542969 0.44617187 0.44667969 0.44457031
 0.44238281 0.43894531 0.44304688 0.43597656 0.42941406 0.43109375
 0.43382813 0.44136719 0.4378125 0.44699219 0.44703125 0.43847656
 0.43492188 0.44097656 0.45023438 0.44210938 0.45519531 0.44730469
 0.43183594 0.44820312 0.43195312 0.43984375 0.45148437 0.44132813
 0.43964844 0.44167969 0.43664063 0.4271875 0.44601563 0.44574219
 0.43207031 0.43726562 0.43730469 0.43625 0.4375 0.43953125
 0.44824219 0.44609375 0.44445313 0.44113281 0.44074219 0.44371094
 0.44164063 0.43882813 0.42589844 0.43050781 0.43859375 0.43867187
 0.43777344 0.44648437 0.44054688 0.455625 0.57160156 0.57238281 0.55089844 0.56285156 0.57148438 0.56171875
 0.5628125 0.55714844 0.56359375 0.55574219 0.54847656 0.54640625
 0.53628906 0.528125 0.53199219 0.52808594 0.53027344 0.52222656
 0.51601562 0.52804688 0.51355469 0.5103125 0.50511719 0.49660156
 0.50601562 0.50703125 0.4996875 0.48511719 0.48972656 0.49617187
 0.48449219 0.48105469 0.48132812 0.47769531 0.48929688 0.47640625
 0.48378906 0.47421875 0.46605469 0.47277344 0.47109375 0.46785156
 0.46761719 0.46671875 0.4665625 0.46519531 0.46214844 0.45765625
 0.46386719 0.46398438 0.46039062 0.46082031 0.4559375 0.45644531
 0.45710937 0.45476563 0.45152344 0.46542969 0.45226563 0.44214844
 0.4578125 0.46769531 0.46210937 0.45410156 0.45320312 0.45167969
 0.45421875 0.45238281 0.45363281 0.44980469 0.44628906 0.46121094
 0.45003906 0.44382813 0.45480469 0.4484375 0.44332031 0.45160156
 0.43386719 0.43941406 0.44570312 0.4415625 0.44976563 0.44558594
 0.44558594 0.43941406 0.43460938 0.45566406 0.44453125 0.44980469
 0.43710938 0.45113281 0.45097656 0.44015625 0.44296875 0.44527344
 0.4346875 0.4390625 0.44050781 0.43890625 0.44179687 0.42917969
 0.4403125 0.43324219 0.43289062 0.43695312 0.43789062 0.44554688
 0.44269531 0.44757812 0.44851562 0.4390625 0.43789062 0.43984375
 0.44988281 0.43625 0.45183594 0.43578125 0.43925781 0.44148437
 0.43683594 0.43347656 0.44695313 0.43460938 0.44015625 0.43257812
 0.44652344 0.45671875 0.43523438 0.44253906 0.43742188 0.42609375
 0.44613281 0.43601563 0.43199219 0.45367188 0.44085937 0.43933594
 0.43613281 0.43792969 0.44171875 0.42742188 0.4446875 0.44726562
 0.4390625 0.44726562 0.44441406 0.43367187 0.43070313 0.44132813
 0.44273438 0.44988281 0.43339844 0.44464844 0.44316406 0.43730469
 0.42699219 0.44125 0.43550781 0.43617187 0.4375 0.445
 0.4390625 0.44625 0.43507812 0.4278125 0.43578125 0.43378906
 0.43550781 0.44238281 0.4390625 0.43054687 0.43117187 0.44292969
 0.43789062 0.45175781 0.43796875 0.44277344 0.43800781 0.44535156
 0.44730469 0.44867187 0.4428125 0.43316406 0.42152344 0.44535156
 0.43566406 0.42785156 0.4325 0.44042969 0.43957031 0.44257812
 0.42691406 0.44585938 0.44011719 0.44089844 0.44160156 0.43980469
 0.44664063 0.43308594 0.44171875 0.43289062 0.43109375 0.43957031
 0.43078125 0.43613281 0.43738281 0.43257812 0.44152344 0.44058594
 0.44121094 0.43628906 0.42941406 0.42867187 0.43625 0.44070312
 0.43714844 0.43328125 0.42359375 0.42195312 0.43328125 0.43386719
 0.43707031 0.44140625 0.43132813 0.42449219 0.43605469 0.43640625
 0.43566406 0.42890625 0.43710938 0.43671875 0.44953125 0.44042969
 0.43421875 0.43832031 0.4371875 0.43265625 0.43695312 0.43148437
 0.43089844 0.44167969 0.44050781 0.43359375 0.43242188 0.42988281
 0.43292969 0.42878906 0.4371875 0.43074219 0.435 0.44011719
 0.43476562 0.42992188 0.43246094 0.43820313 0.42769531 0.43789062
 0.44851562 0.43722656 0.43390625 0.43136719 0.4275 0.42867187
 0.44171875 0.43023438 0.43902344 0.42910156 0.43667969 0.42597656
 0.44015625 0.43589844 0.43527344 0.43578125 0.42535156 0.43421875
 0.43265625 0.43300781 0.4290625 0.42742188 0.43398437 0.42898437
 0.44949219 0.43976562 0.43507812 0.43027344 0.43351563 0.43652344
 0.43742188 0.43382813 0.43046875 0.44292969 0.43042969 0.42972656
 0.43570313 0.43875 0.42828125 0.43714844 0.435 0.43457031
 0.42652344 0.43324219 0.44363281 0.43585937 0.4378125 0.43992188
 0.42558594 0.42316406 0.42527344 0.43445312 0.43640625 0.43132813
 0.43339844 0.44511719 0.43609375 0.43128906 0.43691406 0.44132813
 0.42886719 0.43066406 0.42125 0.435 0.43621094 0.43570313
 0.43695312 0.42832031 0.43082031 0.42332031 0.42609375 0.4346875
 0.42460938 0.42671875 0.43355469 0.4228125 0.41726562 0.42847656
 0.43386719 0.42289063 0.43386719 0.43125 0.42453125 0.43074219
 0.42605469 0.4328125 0.42398438 0.42625 0.42574219 0.4309375
 0.42449219 0.42261719 0.42984375 0.42757812 0.43371094 0.4215625
 0.42519531 0.4275 0.42730469 0.42105469 0.4175 0.42695312
 0.42164062 0.41769531 0.41898438 0.43070313 0.43101563 0.42847656
 0.42585937 0.41917969 0.42644531 0.42816406 0.423125 0.42292969
 0.42035156 0.42824219 0.43035156 0.42929688 0.42191406 0.41496094
 0.42820313 0.42066406 0.42109375 0.42707031 0.43496094 0.43027344
 0.42679688 0.42492188 0.42164062 0.41847656 0.43824219 0.44402344
 0.42308594 0.41960938 0.41617188 0.43421875 0.42261719 0.42339844
 0.42578125 0.42402344 0.42839844 0.42769531 0.41980469 0.42710938
 0.42628906 0.42914062 0.44089844 0.43394531 0.42214844 0.43203125
 0.43078125 0.42140625 0.42097656 0.42472656 0.43296875 0.42722656
 0.42941406 0.43003906 0.41613281 0.42835937 0.42929688 0.4303125
 0.42613281 0.42363281 0.42351563 0.40992187 0.43046875 0.42683594
 0.42433594 0.41621094 0.42804687 0.42519531 0.42171875 0.42035156
 0.43476562 0.40984375 0.4340625 0.42183594 0.423125 0.43425781
 0.43140625 0.41597656 0.42140625 0.42414062 0.41703125 0.42695312
 0.42523437 0.42226562 0.42238281 0.41914062 0.4271875 0.42222656
 0.42871094 0.41019531 0.41648438 0.42660156 0.41472656 0.41226563
 0.41890625 0.43128906 0.41277344 0.42722656 0.41488281 0.41691406
 0.42429688 0.41125 0.41460938 0.41183594 0.42308594 0.42
 0.42066406 0.43191406 0.42886719 0.42554687 0.41757813 0.42085937
 0.40816406 0.41527344 0.41863281 0.41644531 0.42867187 0.43316406
 0.41597656 0.41703125 0.41917969 0.42035156 0.42164062 0.42140625
 0.42441406 0.4221875 0.42109375 0.4296875 0.41683594 0.41328125
 0.42011719 0.41757813 0.41980469 0.42679688 0.43183594 0.41824219
 0.41582031 0.41078125 0.42570313 0.424375 0.411875 0.41230469
 0.41324219 0.40824219 0.42519531 0.43011719 0.43417969 0.41308594
 0.42171875 0.41984375 0.42597656 0.421875 0.4271875 0.4240625
 0.41898438 0.41890625 0.41769531 0.413125 0.41535156 0.41578125
 0.41527344 0.41683594 0.42492188 0.41097656 0.43546875 0.41949219
 0.411875 0.41046875 0.41652344 0.41613281 0.42003906 0.4109375
 0.42191406 0.42617187 0.42566406 0.40730469 0.41453125 0.42707031
 0.41808594 0.41179688 0.42636719 0.42789063 0.41910156 0.4146875
 0.42542969 0.42835937 0.42867187 0.420625 0.41851563 0.43238281
 0.42105469 0.41652344 0.41449219 0.42074219 0.42039063 0.4221875
 0.43613281 0.42183594 0.41925781 0.42308594 0.41609375 0.40976563
 0.41238281 0.42582031 0.42238281 0.42667969 0.41261719 0.42058594
 0.42007813 0.41601562 0.41484375 0.42699219 0.42003906 0.415
 0.41898438 0.42917969 0.41808594 0.41519531 0.40964844 0.42117187
 0.41855469 0.41007813 0.42085937 0.42492188 0.42332031 0.42035156
 0.40882812 0.42734375 0.41375 0.41613281 0.41441406 0.41949219
 0.41867188 0.4171875 0.42261719 0.41042969 0.41214844 0.42136719
 0.4190625 0.41226563 0.41019531 0.4140625 0.41769531 0.41617188
 0.4278125 0.42273437 0.41925781 0.41644531 0.42195312 0.41589844
 0.42152344 0.40394531 0.42902344 0.41648438 0.41929688 0.43054687
 0.42449219 0.42171875 0.42148438 0.41917969 0.42144531 0.41945312
 0.41296875 0.40601562 0.42300781 0.41175781 0.40847656 0.42105469
 0.4171875 0.42789063 0.41078125 0.40921875 0.41367188 0.40484375
 0.42164062 0.414375 0.42226562 0.42980469 0.42078125 0.418125
 0.42179688 0.41539063 0.43101563 0.430625 0.41535156 0.4234375
 0.41105469 0.41460938 0.41722656 0.40769531 0.4103125 0.42449219
 0.41621094 0.42042969 0.41042969 0.41175781 0.40679688 0.41234375
 0.42027344 0.41957031 0.40761719 0.40863281 0.41492187 0.42566406
 0.41445312 0.415 0.40351562 0.42320313 0.43742188 0.42734375
 0.40902344 0.41839844 0.41683594 0.43382813 0.43152344 0.41410156
 0.42941406 0.42015625 0.43019531 0.4190625 0.41421875 0.42132812
 0.42789063 0.41511719 0.42269531 0.41792969 0.40761719 0.41585937
 0.42207031 0.42425781 0.41136719 0.41921875 0.42597656 0.41441406
 0.41105469 0.414375 0.42488281 0.41382812 0.42566406 0.41539063
 0.41675781 0.42777344 0.41355469 0.42234375 0.41863281 0.4215625
 0.42347656 0.41410156 0.41828125 0.41046875 0.41445312 0.41222656
 0.42996094 0.42253906 0.40929688 0.41691406 0.42289063 0.40671875
 0.40691406 0.416875 0.42984375 0.42125 0.42671875 0.41679688
 0.41875 0.41394531 0.4284375 0.42742188 0.4153125 0.4253125
 0.4225 0.43699219 0.42132812 0.41683594 0.42238281 0.41546875
 0.41777344 0.40738281 0.41925781 0.41445312 0.40804687 0.41316406
 0.42074219 0.40957031 0.42027344 0.40871094 0.41589844 0.4175
 0.41402344 0.40675781 0.41761719 0.40960937 0.41160156 0.42238281
 0.42726562 0.42953125 0.41457031 0.41300781 0.42472656 0.41867188
 0.40863281 0.41683594 0.43242188 0.42214844 0.42410156 0.41566406
 0.41890625 0.4128125 0.40386719 0.42140625 0.42328125 0.41734375
 0.42585937 0.41355469 0.41636719 0.41804687 0.41164062 0.4103125
 0.41796875 0.42375 0.41359375 0.4265625 0.41089844 0.41910156
 0.41792969 0.41242187 0.41351562 0.42414062 0.42488281 0.41644531
 0.41628906 0.42019531 0.41617188 0.42238281 0.41933594 0.413125
 0.41859375 0.41617188 0.41445312 0.41558594 0.42546875 0.40347656
 0.40585938 0.41980469 0.42980469 0.42207031 0.42644531 0.41015625
 0.42832031 0.41265625 0.4196875 0.40285156 0.41871094 0.41671875
 0.415625 0.40667969 0.41113281 0.41585937 0.42140625 0.4253125
 0.41425781 0.41484375 0.42035156 0.4225 0.41261719 0.41558594
 0.41242187 0.42417969 0.416875 0.41449219 0.43394531 0.40171875
 0.4234375 0.43492188 0.40628906 0.41582031 0.41347656 0.4140625
 0.41421875 0.41371094 0.41554687 0.41675781 0.42871094 0.42292969
 0.409375 0.41320313 0.40523437 0.43546875 0.41648438 0.42566406
 0.41578125 0.42464844 0.42105469 0.41710938 0.41777344 0.42652344
 0.42839844 0.41398438 0.41285156 0.42035156 0.41578125 0.40734375
 0.41328125 0.41667969 0.41808594 0.410625 0.40851562 0.41949219
 0.42074219 0.41539063 0.41714844 0.41332031 0.41324219 0.43097656
 0.41820313 0.43546875 0.41550781 0.41171875 0.41921875 0.42195312
 0.41082031 0.42425781 0.41738281 0.40699219 0.41226563 0.4184375
 0.43050781 0.41449219 0.4165625 0.42921875 0.41234375 0.4234375
 0.41902344 0.41496094 0.4225 0.418125 0.41984375 0.41199219
 0.40839844 0.40671875 0.41589844 0.40835938 0.41941406 0.41792969
 0.41179688 0.4165625 0.42460938 0.42164062 0.41742187 0.41320313
 0.41460938 0.42242188 0.41535156 0.42109375 0.41664062 0.42570313
 0.42066406 0.41289063 0.41640625 0.41882812 0.42808594 0.43019531
 0.41878906 0.42550781 0.40710937 0.42082031 0.42230469 0.4196875
 0.41308594 0.42183594 0.42671875 0.41144531 0.41519531 0.41570313
 0.40675781 0.42140625 0.41761719 0.42425781 0.41394531 0.42542969
 0.42507812 0.40945312 0.43210938 0.41421875 0.42484375 0.41527344
 0.43914063 0.41589844 0.41863281 0.40722656 0.41015625 0.43625
 0.40101562 0.41046875 0.42238281 0.413125 0.41597656 0.42125
 0.41953125 0.41167969 0.41929688 0.41519531 0.41261719 0.41480469
 0.41546875 0.4159375 0.42003906 0.41507813 0.41773437 0.4203125
 0.43054687 0.4078125 0.42480469 0.41632812 0.42023437 0.40542969
 0.41597656 0.42605469 0.41246094 0.41800781 0.42285156 0.40734375
 0.4228125 0.41679688 0.41871094 0.4125 0.42367187 0.41734375
 0.41476563 0.41289063 0.41949219 0.43105469 0.42925781 0.42417969
 0.41058594 0.40621094 0.41675781 0.43058594 0.47476563 0.47277344 0.4853125 0.46722656 0.48746094 0.47597656
 0.47832031 0.464375 0.47148438 0.47179688 0.47777344 0.48699219
 0.47613281 0.46042969 0.47410156 0.47207031 0.47 0.46574219
 0.46539063 0.47136719 0.45957031 0.47234375 0.4628125 0.46644531
 0.46765625 0.47011719 0.46191406 0.46015625 0.46789063 0.45984375
 0.46441406 0.4671875 0.45910156 0.46652344 0.46042969 0.47789063
 0.46242187 0.45710937 0.47089844 0.46582031 0.46605469 0.45292969
 0.45835938 0.46605469 0.45964844 0.45304688 0.45578125 0.47304687
 0.46539063 0.45894531 0.45304688 0.460625 0.45320312 0.45082031
 0.45539062 0.46019531 0.45132813 0.46082031 0.46078125 0.45839844
 0.44878906 0.45476563 0.45539062 0.46339844 0.45128906 0.46105469
 0.45886719 0.44832031 0.45164063 0.4484375 0.45722656 0.448125
 0.45265625 0.45402344 0.44597656 0.45234375 0.45320312 0.44484375
 0.45511719 0.4625 0.44972656 0.44925781 0.44574219 0.45367188
 0.45070312 0.45800781 0.44890625 0.45140625 0.44265625 0.45113281
 0.45011719 0.45667969 0.44589844 0.450625 0.44976563 0.44519531
 0.45703125 0.45515625 0.44308594 0.44859375 0.43867187 0.44105469
 0.44636719 0.4428125 0.44429687 0.44480469 0.45636719 0.44039062
 0.44339844 0.44386719 0.44988281 0.455 0.46285156 0.44652344
 0.44367187 0.443125 0.44847656 0.44996094 0.444375 0.446875
 0.4421875 0.45320312 0.44660156 0.44070312 0.44683594 0.44691406
 0.44875 0.44195313 0.44960937 0.44464844 0.44113281 0.44390625
 0.44246094 0.43964844 0.44871094 0.44554688 0.45414063 0.43507812
 0.45175781 0.4534375 0.44191406 0.44480469 0.45230469 0.44859375
 0.44636719 0.44367187 0.45625 0.4553125 0.43480469 0.45148437
 0.4440625 0.43996094 0.45390625 0.45199219 0.43984375 0.44464844
 0.44832031 0.44234375 0.443125 0.44085937 0.43714844 0.44
 0.43945312 0.44128906 0.44644531 0.44917969 0.43722656 0.44152344
 0.44921875 0.43988281 0.44507812 0.44777344 0.44554688 0.44265625
 0.44859375 0.43671875 0.43101563 0.44527344 0.45390625 0.45582031
 0.44316406 0.4446875 0.44046875 0.44226562 0.439375 0.44351563
 0.43730469 0.44105469 0.4378125 0.44746094 0.43761719 0.425
 0.44410156 0.44417969 0.44636719 0.44453125 0.43914063 0.43777344
 0.43859375 0.44578125 0.43722656 0.43496094 0.43855469 0.44695313
 0.44519531 0.44167969 0.44160156 0.43730469 0.44605469 0.43722656
 0.44171875 0.43335937 0.44101563 0.44269531 0.43773438 0.43949219
 0.44058594 0.44863281 0.4375 0.43996094 0.44234375 0.44277344
 0.44515625 0.44582031 0.44484375 0.43539062 0.43984375 0.44300781
 0.43875 0.43644531 0.44050781 0.44335938 0.44523438 0.43554688
 0.43707031 0.44046875 0.43683594 0.43761719 0.43835937 0.43691406
 0.42648438 0.43171875 0.43574219 0.44265625 0.44910156 0.44445313
 0.43578125 0.44019531 0.43101563 0.44238281 0.44546875 0.44140625
 0.44285156 0.44828125 0.43558594 0.44171875 0.43847656 0.43566406
 0.43460938 0.43441406 0.44132813 0.4328125 0.43953125 0.43988281
 0.44414063 0.43558594 0.43488281 0.43757812 0.43917969 0.44121094
 0.45042969 0.4290625 0.42859375 0.43535156 0.45171875 0.45066406
 0.43292969 0.44457031 0.43902344 0.43355469 0.44167969 0.44210938
 0.44011719 0.43746094 0.44941406 0.43515625 0.4446875 0.44882813
 0.44492188 0.44671875 0.43246094 0.43617187 0.44132813 0.43027344
 0.43410156 0.45140625 0.43957031 0.43503906 0.44449219 0.43371094
 0.4409375 0.44601563 0.42675781 0.44394531 0.44191406 0.44671875
 0.44207031 0.42847656 0.43902344 0.44769531 0.45289062 0.45046875
 0.44605469 0.44066406 0.46648438 0.4421875 0.43769531 0.42820313
 0.44066406 0.44449219 0.44535156 0.43878906 0.43292969 0.4415625
 0.43644531 0.44054688 0.45027344 0.43597656 0.43933594 0.43898437
 0.43546875 0.44214844 0.43550781 0.43027344 0.43925781 0.446875
 0.44585938 0.43476562 0.45390625 0.44570312 0.43976562 0.4375
 0.44492188 0.43652344 0.44820312 0.43703125 0.4396875 0.43191406
 0.43191406 0.44230469 0.43964844 0.44335938 0.42511719 0.44339844
 0.45582031 0.439375 0.43960938 0.44773438 0.43910156 0.43816406
 0.42957031 0.43695312 0.44726562 0.44890625 0.43523438 0.43753906
 0.44484375 0.43707031 0.44234375 0.44703125 0.42839844 0.4353125
 0.4378125 0.44539062 0.45503906 0.44417969 0.44464844 0.44433594
 0.44472656 0.44257812 0.44023438 0.43363281 0.45402344 0.44480469
 0.43953125 0.45089844 0.43085937 0.43648437 0.43804688 0.44320312
 0.42355469 0.4253125 0.45898438 0.43386719 0.44230469 0.42355469
 0.44046875 0.44839844 0.429375 0.44535156 0.43628906 0.43976562
 0.44175781 0.46039062 0.44746094 0.44527344 0.43273438 0.4409375
 0.44777344 0.43496094 0.46089844 0.43414063 0.44027344 0.43511719
 0.43917969 0.44320312 0.44597656 0.43972656 0.44738281 0.43171875
 0.44777344 0.45 0.43476562 0.43167969 0.449375 0.44652344
 0.43574219 0.44492188 0.43855469 0.43617187 0.43496094 0.42699219
 0.44320312 0.43757812 0.43691406 0.44363281 0.43355469 0.4384375
 0.44984375 0.43984375 0.45640625 0.43375 0.433125 0.43527344
 0.44710937 0.43355469 0.42652344 0.44765625 0.45679687 0.43761719
 0.44429687 0.435 0.43875 0.43460938 0.44558594 0.44199219
 0.42949219 0.43570313 0.43183594 0.44324219 0.44308594 0.43488281
 0.43835937 0.43421875 0.44316406 0.43359375 0.44171875 0.43242188
 0.43707031 0.44355469 0.43328125 0.44238281 0.44402344 0.45828125
 0.43675781 0.43957031 0.44292969 0.44257812 0.45621094 0.44351563
 0.42542969 0.44785156 0.45492187 0.43863281 0.43621094 0.44367187
 0.43714844 0.4390625 0.435 0.45007812 0.44566406 0.45066406
 0.448125 0.43089844 0.44054688 0.44394531 0.44171875 0.44898437
 0.43660156 0.43289062 0.44242188 0.44605469 0.44046875 0.46367188
 0.44078125 0.44554688 0.43851563 0.43878906 0.43449219 0.44191406
 0.43847656 0.43625 0.44425781 0.44285156 0.44140625 0.43941406
 0.44796875 0.43929687 0.44609375 0.43308594 0.43683594 0.4359375
 0.43878906 0.44628906 0.43328125 0.44136719 0.4446875 0.43714844
 0.44835938 0.44425781 0.445 0.43785156 0.44976563 0.43636719
 0.44128906 0.4325 0.43257812 0.44578125 0.43640625 0.44597656
 0.43625 0.43773438 0.42640625 0.44246094 0.42859375 0.43882813
 0.445625 0.44441406 0.44292969 0.43652344 0.436875 0.44402344
 0.434375 0.45035156 0.4490625 0.435 0.43824219 0.43640625
 0.44097656 0.44617187 0.43480469 0.44847656 0.43546875 0.44875
 0.44078125 0.42847656 0.4384375 0.42671875 0.43648437 0.43308594
 0.43019531 0.44644531 0.43652344 0.44035156 0.43824219 0.43316406
 0.44050781 0.43710938 0.43324219 0.44007812 0.43515625 0.44398437
 0.44621094 0.42585937 0.43738281 0.43863281 0.44054688 0.43128906
 0.4359375 0.43933594 0.42707031 0.45082031 0.46121094 0.44828125
 0.43960938 0.43347656 0.4353125 0.44898437 0.44027344 0.43957031
 0.43617187 0.44339844 0.43167969 0.43625 0.44132813 0.44792969
 0.43175781 0.44402344 0.43828125 0.43019531 0.44796875 0.44824219
 0.45015625 0.43296875 0.43867187 0.44542969 0.45207031 0.43964844
 0.44125 0.44277344 0.44140625 0.43164062 0.44800781 0.43988281
 0.43769531 0.43875 0.43339844 0.44347656 0.44902344 0.43082031
 0.4434375 0.43039063 0.44296875 0.43234375 0.45078125 0.43859375
 0.429375 0.43394531 0.43769531 0.44609375 0.43886719 0.44054688
 0.45425781 0.44398437 0.4428125 0.44050781 0.43714844 0.44046875
 0.43339844 0.44128906 0.43839844 0.44570312 0.43238281 0.43078125
 0.44199219 0.43664063 0.435 0.4396875 0.45160156 0.43394531
 0.445 0.43328125 0.44894531 0.44464844 0.44050781 0.43714844
 0.43476562 0.43066406 0.43824219 0.43886719 0.43054687 0.4490625
 0.43574219 0.45023438 0.45476563 0.43242188 0.43527344 0.43554688
 0.436875 0.45144531 0.44554688 0.44015625 0.44847656 0.44140625
 0.43847656 0.43960938 0.43925781 0.44003906 0.43929687 0.435
 0.43117187 0.44144531 0.43742188 0.44140625 0.4475 0.4503125
 0.4384375 0.45382813 0.4496875 0.45003906 0.45574219 0.44863281
 0.43578125 0.43597656 0.44585938 0.43410156 0.44871094 0.44433594
 0.43546875 0.43214844 0.44128906 0.44953125 0.44175781 0.45011719
 0.43738281 0.446875 0.43816406 0.44574219 0.44328125 0.43324219
 0.43953125 0.44234375 0.43742188 0.44234375 0.43300781 0.436875
 0.43175781 0.43484375 0.44082031 0.4425 0.43953125 0.43328125
 0.44285156 0.44210938 0.43734375 0.43941406 0.43703125 0.4421875
 0.45109375 0.43082031 0.44113281 0.44207031 0.43945312 0.43511719
 0.44800781 0.43679687 0.43980469 0.44347656 0.44175781 0.44035156
 0.4496875 0.43933594 0.43945312 0.42511719 0.44527344 0.44421875
 0.43988281 0.44152344 0.44316406 0.43613281 0.43929687 0.44597656
 0.43484375 0.43421875 0.44042969 0.43828125 0.43171875 0.43957031
 0.43375 0.45007812 0.43464844 0.44230469 0.44253906 0.43460938
 0.43808594 0.42964844 0.44519531 0.45191406 0.44523438 0.431875
 0.44871094 0.44277344 0.44355469 0.43746094 0.43667969 0.44964844
 0.43859375 0.44980469 0.42984375 0.4421875 0.44734375 0.43957031
 0.44234375 0.4359375 0.43800781 0.4421875 0.444375 0.44460937
 0.435625 0.44984375 0.44300781 0.44210938 0.43929687 0.43566406
 0.44042969 0.44058594 0.43632813 0.45136719 0.44800781 0.43585937
 0.44148437 0.42597656 0.43453125 0.42996094 0.43851563 0.4421875
 0.43339844 0.44523438 0.43519531 0.44863281 0.43511719 0.43644531
 0.44140625 0.43597656 0.42375 0.44722656 0.43097656 0.44183594
 0.44117187 0.43511719 0.438125 0.43285156 0.43363281 0.434375
 0.43164062 0.45183594 0.43398437 0.43402344 0.4371875 0.45105469
 0.44222656 0.43300781 0.43105469 0.44679687 0.44089844 0.43582031
 0.44683594 0.45046875 0.43808594 0.43386719 0.44050781 0.44277344
 0.44035156 0.43824219 0.43417969 0.44511719 0.44992188 0.44011719
 0.44414063 0.43914063 0.45 0.44605469 0.43265625 0.44160156
 0.44632813 0.44488281 0.44605469 0.42898437 0.43382813 0.43371094
 0.44863281 0.44105469 0.44015625 0.44675781 0.44109375 0.4484375
 0.4365625 0.4403125 0.45429687 0.44863281 0.44066406 0.433125
 0.43894531 0.43902344 0.4346875 0.43707031 0.44671875 0.43867187
 0.43925781 0.44148437 0.43914063 0.43386719 0.439375 0.43746094
 0.45222656 0.43425781 0.45648437 0.43667969 0.4359375 0.44242188
 0.42382812 0.43171875 0.44753906 0.44167969 0.43761719 0.44257812
 0.44714844 0.45277344 0.43183594 0.44464844 0.42238281 0.43996094
 0.43167969 0.44476562 0.44761719 0.44625 0.43074219 0.45164063
 0.43410156 0.45433594 0.46175781 0.44078125 0.43914063 0.4409375
 0.44269531 0.42632813 0.43917969 0.43902344 0.43765625 0.45738281
 0.44019531 0.4390625 0.43003906 0.44121094 0.43523438 0.429375
 0.43917969 0.4465625 0.43175781 0.43664063 0.43695312 0.42753906
 0.44746094 0.43441406 0.43347656 0.44980469 0.43503906 0.4346875
 0.45371094 0.44382813 0.44417969 0.44339844 0.43316406 0.43851563
 0.44167969 0.42894531 0.43464844 0.43484375 0.44832031 0.44082031
 0.43449219 0.44042969 0.43914063 0.44042969 0.43433594 0.44421875
 0.43007812 0.43683594 0.43429688 0.428125 0.42917969 0.44160156
 0.44476562 0.44933594 0.44535156 0.44128906 0.44710937 0.43347656
 0.44148437 0.42636719 0.44054688 0.44132813 0.43660156 0.43835937
 0.44265625 0.44859375 0.45148437 0.43996094 0.43289062 0.43800781
 0.44917969 0.43640625 0.43664063 0.42527344 0.44339844 0.4365625
 0.43695312 0.44585938 0.44480469 0.44722656 0.53804688 0.53867188 0.53257813 0.539375 0.53851563 0.5353125
 0.53804688 0.53085938 0.52515625 0.53277344 0.5284375 0.5228125
 0.51734375 0.52640625 0.5240625 0.51785156 0.51570313 0.50617188
 0.51429687 0.50867187 0.51601562 0.51601562 0.5040625 0.49636719
 0.49769531 0.49257812 0.49875 0.50011719 0.49785156 0.49839844
 0.49578125 0.48492188 0.4946875 0.48160156 0.48507813 0.48277344
 0.48761719 0.48410156 0.48226562 0.48117188 0.48308594 0.49375
 0.49089844 0.48863281 0.47230469 0.48523437 0.48269531 0.48207031
 0.47425781 0.48316406 0.47898438 0.48839844 0.48757812 0.4765625
 0.47292969 0.47550781 0.481875 0.46703125 0.47402344 0.47226563
 0.4796875 0.46640625 0.47753906 0.478125 0.46550781 0.4753125
 0.47378906 0.47097656 0.47769531 0.46710937 0.46335938 0.47273437
 0.47027344 0.4678125 0.47386719 0.46308594 0.46183594 0.47269531
 0.46363281 0.46507813 0.46445313 0.46488281 0.46851562 0.46390625
 0.46347656 0.46914062 0.45808594 0.47011719 0.46871094 0.464375
 0.46164063 0.4690625 0.46542969 0.46484375 0.45777344 0.455625
 0.459375 0.45160156 0.46140625 0.45886719 0.46292969 0.45835938
 0.45742187 0.46113281 0.45304688 0.46355469 0.46070312 0.4553125
 0.44667969 0.46433594 0.45402344 0.45773438 0.45734375 0.45328125
 0.45378906 0.45675781 0.45558594 0.4578125 0.45210937 0.44902344
 0.45484375 0.45191406 0.45292969 0.44609375 0.44707031 0.44710937
 0.44753906 0.44894531 0.44808594 0.44261719 0.46179687 0.45324219
 0.4446875 0.44941406 0.45066406 0.44417969 0.4421875 0.44328125
 0.44289062 0.4553125 0.43976562 0.44625 0.43984375 0.44828125
 0.44617187 0.43941406 0.44351563 0.4440625 0.44910156 0.43675781
 0.43523438 0.43992188 0.43949219 0.44480469 0.44148437 0.44675781
 0.45109375 0.44941406 0.45191406 0.43878906 0.44375 0.44246094
 0.43910156 0.4378125 0.43867187 0.43519531 0.43488281 0.44171875
 0.44507812 0.4409375 0.44335938 0.43519531 0.4340625 0.44292969
 0.43328125 0.438125 0.43320313 0.42671875 0.43183594 0.43628906
 0.43136719 0.44175781 0.43445312 0.43292969 0.43542969 0.43925781
 0.42675781 0.42628906 0.44398437 0.43003906 0.43179688 0.43253906
 0.43289062 0.42757812 0.43738281 0.4334375 0.4375 0.43609375
 0.43625 0.43996094 0.44039062 0.43335937 0.43644531 0.4253125
 0.42546875 0.42859375 0.42671875 0.43238281 0.42730469 0.42804687
 0.42734375 0.43574219 0.4315625 0.43609375 0.43246094 0.4284375
 0.42828125 0.43125 0.42566406 0.42945312 0.43585937 0.43597656
 0.41273437 0.43136719 0.42757812 0.43140625 0.43503906 0.43363281
 0.42140625 0.42871094 0.43632813 0.43183594 0.43867187 0.43023438
 0.42738281 0.42851563 0.42441406 0.43234375 0.42148438 0.42363281
 0.42265625 0.42671875 0.43039063 0.43796875 0.42824219 0.43589844
 0.42902344 0.42394531 0.42578125 0.43289062 0.43617187 0.42660156
 0.42527344 0.42734375 0.42292969 0.43367187 0.42195312 0.43171875
 0.42007813 0.43546875 0.42941406 0.43242188 0.4225 0.42863281
 0.43375 0.42097656 0.42761719 0.42773438 0.42644531 0.42503906
 0.41738281 0.43574219 0.43769531 0.44308594 0.42667969 0.42113281
 0.42484375 0.40855469 0.42675781 0.42578125 0.42589844 0.42132812
 0.4315625 0.4275 0.44214844 0.41796875 0.43304687 0.42222656
 0.4196875 0.43671875 0.43101563 0.430625 0.42113281 0.41886719
 0.41207031 0.42601563 0.42226562 0.43074219 0.40941406 0.42257813
 0.4190625 0.43152344 0.41945312 0.42855469 0.41625 0.42324219
 0.4275 0.42304687 0.41605469 0.42550781 0.4075 0.42273437
 0.42003906 0.42691406 0.42589844 0.42953125 0.42773438 0.43308594
 0.41816406 0.41714844 0.42226562 0.41949219 0.41351562 0.4225
 0.42132812 0.43011719 0.42441406 0.43207031 0.41320313 0.42503906
 0.41367188 0.41859375 0.42113281 0.42128906 0.41546875 0.41839844
 0.44015625 0.41207031 0.42378906 0.42683594 0.42207031 0.42242188
 0.42480469 0.419375 0.42628906 0.41300781 0.42410156 0.41929688
 0.42605469 0.42398438 0.42023437 0.418125 0.42015625 0.419375
 0.42886719 0.42417969 0.42050781 0.41996094 0.41851563 0.44152344
 0.43050781 0.41738281 0.41636719 0.41789063 0.419375 0.413125
 0.41921875 0.42242188 0.41445312 0.41238281 0.424375 0.41796875
 0.42265625 0.41742187 0.42359375 0.42355469 0.43683594 0.41800781
 0.42324219 0.41371094 0.43320313 0.42800781 0.41320313 0.40972656
 0.42128906 0.41148438 0.42175781 0.42265625 0.42238281 0.42433594
 0.41597656 0.41855469 0.41433594 0.41792969 0.42429688 0.41457031
 0.40992187 0.41902344 0.40109375 0.41527344 0.4125 0.423125
 0.41429688 0.4265625 0.42480469 0.41390625 0.42152344 0.4175
 0.42207031 0.41753906 0.41644531 0.41539063 0.41457031 0.41429688
 0.42886719 0.42550781 0.418125 0.42710938 0.42101563 0.41671875
 0.414375 0.42667969 0.41453125 0.42460938 0.41511719 0.42308594
 0.41671875 0.418125 0.41589844 0.4171875 0.4103125 0.42566406
 0.41277344 0.42414062 0.41960938 0.41425781 0.40667969 0.43503906
 0.41757813 0.41875 0.43300781 0.41847656 0.41828125 0.42042969
 0.41636719 0.41832031 0.42035156 0.41976562 0.41242187 0.41441406
 0.41632812 0.40757813 0.40839844 0.415 0.41890625 0.40800781
 0.42214844 0.42792969 0.41363281 0.41898438 0.43519531 0.41140625
 0.41582031 0.41042969 0.41867188 0.42726562 0.42167969 0.4228125
 0.41636719 0.41328125 0.41652344 0.429375 0.43199219 0.41683594
 0.40222656 0.42875 0.42472656 0.416875 0.40445313 0.41816406
 0.42007813 0.40515625 0.41167969 0.41464844 0.41691406 0.42238281
 0.42703125 0.40957031 0.41605469 0.41191406 0.41320313 0.41691406
 0.4115625 0.42835937 0.40929688 0.41433594 0.43871094 0.42046875
 0.44269531 0.41796875 0.41453125 0.41675781 0.43914063 0.41613281
 0.41148438 0.41324219 0.41917969 0.42957031 0.41261719 0.42363281
 0.43875 0.41226563 0.41363281 0.42078125 0.41902344 0.42542969
 0.41535156 0.42539063 0.41789063 0.42519531 0.41519531 0.41550781
 0.42347656 0.40261719 0.42871094 0.41679688 0.4303125 0.43074219
 0.41007813 0.41863281 0.41417969 0.41589844 0.4171875 0.4253125
 0.42605469 0.40464844 0.40988281 0.44 0.40691406 0.4234375
 0.42949219 0.41 0.41535156 0.42519531 0.41265625 0.41042969
 0.42785156 0.40726563 0.41550781 0.40375 0.41292969 0.41
 0.415625 0.4234375 0.41941406 0.41488281 0.4265625 0.404375
 0.40527344 0.42019531 0.42097656 0.42410156 0.42464844 0.41085938
 0.41574219 0.41410156 0.42792969 0.41457031 0.40539063 0.42363281
 0.41742187 0.41839844 0.41851563 0.42242188 0.41941406 0.43085937
 0.41046875 0.42714844 0.42371094 0.41324219 0.41777344 0.42402344
 0.4303125 0.43269531 0.42265625 0.42097656 0.41683594 0.41992188
 0.41175781 0.41671875 0.42148438 0.40976563 0.42691406 0.42414062
 0.41511719 0.42441406 0.41230469 0.4090625 0.41175781 0.41855469
 0.42246094 0.41945312 0.41019531 0.43433594 0.4146875 0.41738281
 0.41398438 0.40601562 0.4209375 0.41027344 0.43355469 0.41886719
 0.41050781 0.42109375 0.42671875 0.42984375 0.42839844 0.42339844
 0.41851563 0.41269531 0.42042969 0.41527344 0.42097656 0.43632813
 0.42648438 0.41550781 0.4425 0.42082031 0.41035156 0.42101563
 0.41976562 0.41425781 0.41164062 0.42550781 0.41742187 0.424375
 0.419375 0.42359375 0.43246094 0.40375 0.420625 0.40796875
 0.40257813 0.42160156 0.42761719 0.42152344 0.42722656 0.41453125
 0.42351563 0.42546875 0.431875 0.41929688 0.41898438 0.41230469
 0.41929688 0.41949219 0.42382812 0.42792969 0.40855469 0.40441406
 0.41980469 0.418125 0.41910156 0.41253906 0.41863281 0.42023437
 0.41320313 0.41050781 0.41976562 0.41496094 0.41625 0.41976562
 0.42039063 0.40605469 0.40792969 0.41558594 0.40808594 0.42789063
 0.42460938 0.43144531 0.41695312 0.40976563 0.40625 0.42421875
 0.42335937 0.41871094 0.41707031 0.43039063 0.41574219 0.4009375
 0.41789063 0.41835937 0.41320313 0.40996094 0.41761719 0.40277344
 0.40433594 0.41992188 0.41542969 0.41648438 0.42308594 0.40390625
 0.415625 0.42335937 0.41738281 0.40691406 0.41375 0.40226563
 0.42050781 0.42253906 0.41085938 0.41203125 0.41773437 0.426875
 0.41949219 0.41382812 0.42003906 0.41945312 0.41351562 0.41042969
 0.41480469 0.42160156 0.414375 0.42371094 0.4159375 0.41261719
 0.41640625 0.42269531 0.43050781 0.41507813 0.42644531 0.41195312
 0.41972656 0.42464844 0.41144531 0.41441406 0.41453125 0.42003906
 0.41148438 0.41726562 0.41882812 0.42632813 0.42261719 0.41453125
 0.41835937 0.42199219 0.42121094 0.416875 0.41703125 0.41960938
 0.40722656 0.41953125 0.40753906 0.41203125 0.41222656 0.40929688
 0.41835937 0.43039063 0.42363281 0.414375 0.413125 0.43148437
 0.41617188 0.40765625 0.41878906 0.42246094 0.41644531 0.4059375
 0.41402344 0.42148438 0.40875 0.42125 0.41570313 0.41164062
 0.41230469 0.4103125 0.42058594 0.42140625 0.41671875 0.40324219
 0.41695312 0.42234375 0.41878906 0.41566406 0.42792969 0.41417969
 0.42984375 0.41160156 0.40953125 0.41347656 0.41238281 0.42042969
 0.41851563 0.420625 0.42238281 0.4109375 0.40832031 0.41902344
 0.43539062 0.41578125 0.41417969 0.42238281 0.41351562 0.41734375
 0.41792969 0.41378906 0.42296875 0.42148438 0.42917969 0.42960938
 0.41945312 0.40542969 0.42851563 0.42523437 0.40886719 0.41832031
 0.41367188 0.415 0.41050781 0.41859375 0.42394531 0.40246094
 0.40941406 0.40878906 0.41929688 0.41675781 0.43238281 0.41570313
 0.41765625 0.41746094 0.42589844 0.42074219 0.40757813 0.42472656
 0.41410156 0.41363281 0.40765625 0.41324219 0.41945312 0.41796875
 0.41222656 0.42433594 0.42046875 0.41203125 0.42289063 0.41082031
 0.40878906 0.41480469 0.41332031 0.40835938 0.41949219 0.41773437
 0.41269531 0.41398438 0.41570313 0.41199219 0.42085937 0.41503906
 0.42550781 0.41585937 0.42070313 0.40890625 0.42375 0.41480469
 0.40910156 0.40941406 0.41792969 0.40683594 0.42625 0.425625
 0.41820313 0.42703125 0.4096875 0.42464844 0.40492187 0.41988281
 0.41839844 0.42222656 0.41945312 0.41308594 0.42332031 0.41511719
 0.41199219 0.4203125 0.42191406 0.43875 0.41382812 0.42371094
 0.40078125 0.43019531 0.41375 0.42070313 0.42054687 0.41867188
 0.42542969 0.41101562 0.42457031 0.41554687 0.4309375 0.42328125
 0.40425781 0.40957031 0.43714844 0.41742187 0.41386719 0.41136719
 0.42953125 0.40707031 0.42230469 0.42050781 0.42414062 0.42988281
 0.41667969 0.42035156 0.41320313 0.42195312 0.42078125 0.42894531
 0.41523437 0.42511719 0.41847656 0.42589844 0.40726563 0.41945312
 0.42503906 0.41152344 0.41734375 0.41402344 0.42878906 0.41433594
 0.41738281 0.43921875 0.42441406 0.40671875 0.41992188 0.42445312
 0.42371094 0.43222656 0.4096875 0.43035156 0.41953125 0.41890625
 0.41953125 0.41398438 0.43359375 0.4259375 0.41871094 0.41871094
 0.41625 0.41988281 0.41253906 0.4109375 0.41453125 0.42
 0.42507812 0.41925781 0.41199219 0.41761719 0.42742188 0.43171875
 0.42222656 0.42597656 0.42636719 0.43105469 0.41902344 0.40484375
 0.4275 0.41523437 0.40378906 0.41792969 0.41449219 0.40832031
 0.42492188 0.41902344 0.41335937 0.40441406 0.40957031 0.43195312
 0.41753906 0.42484375 0.4128125 0.42316406 0.41699219 0.42050781
 0.41640625 0.41792969 0.40773437 0.41332031 0.42335937 0.41800781
 0.40851562 0.4128125 0.41992188 0.41046875 0.411875 0.4184375
 0.42425781 0.41695312 0.41136719 0.42328125 0.58226563 0.61335938 0.62296875 0.61347656 0.6040625 0.61164063
 0.56703125 0.56359375 0.58574219 0.55976563 0.56933594 0.56355469
 0.55105469 0.53875 0.54789062 0.54742187 0.54515625 0.53480469
 0.52960938 0.53535156 0.52152344 0.53542969 0.51496094 0.50050781
 0.49878906 0.50117188 0.50144531 0.49140625 0.49046875 0.48105469
 0.48917969 0.48695312 0.48097656 0.47683594 0.4621875 0.46945313
 0.47089844 0.46390625 0.46066406 0.46144531 0.44859375 0.45765625
 0.45054688 0.45261719 0.44996094 0.43804688 0.45214844 0.44683594
 0.44867187 0.45699219 0.44472656 0.44507812 0.45101562 0.46136719
 0.45339844 0.43691406 0.445 0.44527344 0.44011719 0.44054688
 0.4496875 0.44152344 0.43300781 0.45511719 0.44265625 0.43839844
 0.44027344 0.44640625 0.45546875 0.44148437 0.44570312 0.44425781
 0.43828125 0.439375 0.45074219 0.43214844 0.44917969 0.44355469
 0.44097656 0.43808594 0.43257812 0.44136719 0.44542969 0.4309375
 0.44292969 0.44492188 0.44492188 0.44355469 0.45886719 0.43839844
 0.44496094 0.4459375 0.43863281 0.43117187 0.43324219 0.44628906
 0.4390625 0.446875 0.43761719 0.43410156 0.44441406 0.44941406
 0.43984375 0.44078125 0.45242187 0.44449219 0.45089844 0.43585937
 0.45230469 0.43511719 0.44304688 0.43296875 0.43925781 0.45011719
 0.43441406 0.42988281 0.44621094 0.43839844 0.45203125 0.43355469
 0.43449219 0.43644531 0.42492188 0.4384375 0.43722656 0.43664063
 0.45957031 0.43828125 0.43742188 0.43828125 0.43609375 0.44417969
 0.44515625 0.44195313 0.43398437 0.43394531 0.4459375 0.44007812
 0.44109375 0.44285156 0.43535156 0.44140625 0.43722656 0.44835938
 0.43402344 0.44148437 0.43953125 0.44296875 0.44800781 0.4425
 0.44039062 0.43882813 0.45390625 0.44664063 0.45546875 0.44144531
 0.43804688 0.43394531 0.43429688 0.44609375 0.43574219 0.444375
 0.43265625 0.445 0.43796875 0.44210938 0.44992188 0.43683594
 0.44019531 0.43113281 0.44222656 0.44300781 0.44378906 0.44808594
 0.43601563 0.44777344 0.43207031 0.44621094 0.44609375 0.434375
 0.43757812 0.44671875 0.45390625 0.44953125 0.45003906 0.43363281
 0.43746094 0.44828125 0.43832031 0.43359375 0.44492188 0.44078125
 0.43132813 0.45042969 0.43363281 0.43570313 0.43617187 0.44585938
 0.43617187 0.43949219 0.44304688 0.44707031 0.44886719 0.43972656
 0.43824219 0.45359375 0.44148437 0.44273438 0.43011719 0.44460937
 0.44164063 0.44101563 0.43378906 0.43851563 0.43273438 0.44070312
 0.444375 0.44304688 0.43675781 0.44011719 0.43316406 0.43726562
 0.45285156 0.44660156 0.44246094 0.42925781 0.43867187 0.43941406
 0.43519531 0.4346875 0.4403125 0.44832031 0.44359375 0.4328125
 0.43070313 0.44636719 0.43789062 0.4365625 0.443125 0.44828125
 0.43695312 0.43503906 0.43617187 0.43867187 0.42457031 0.44917969
 0.45707031 0.44929687 0.4321875 0.44304688 0.435 0.44117187
 0.43464844 0.42921875 0.45578125 0.44046875 0.43539062 0.43359375
 0.44796875 0.44296875 0.43601563 0.45417969 0.43234375 0.43863281
 0.43871094 0.44167969 0.43585937 0.45816406 0.43335937 0.43660156
 0.45003906 0.44476562 0.43929687 0.43855469 0.4403125 0.443125
 0.43957031 0.44195313 0.4421875 0.45179687 0.4375 0.43097656
 0.44578125 0.44160156 0.44535156 0.44289062 0.44042969 0.44324219
 0.43753906 0.44082031 0.43113281 0.44105469 0.43257812 0.44316406
 0.44007812 0.43617187 0.4403125 0.4428125 0.44152344 0.42863281
 0.436875 0.44945313 0.42832031 0.44023438 0.44027344 0.44167969
 0.43878906 0.43550781 0.43578125 0.43855469 0.44617187 0.43804688
 0.44410156 0.44613281 0.43972656 0.44300781 0.44074219 0.44695313
 0.45394531 0.44207031 0.43703125 0.43808594 0.42496094 0.45851562
 0.44183594 0.43214844 0.44300781 0.43761719 0.43882813 0.44207031
 0.446875 0.44113281 0.43292969 0.44726562 0.4453125 0.44113281
 0.44277344 0.44222656 0.44019531 0.44273438 0.43359375 0.43675781
 0.44894531 0.44011719 0.43761719 0.43113281 0.43839844 0.44058594
 0.43453125 0.44335938 0.44 0.44757812 0.44386719 0.43796875
 0.43746094 0.44085937 0.44914063 0.43765625 0.45511719 0.44738281
 0.43761719 0.43824219 0.43605469 0.435625 0.44199219 0.43222656
 0.44679687 0.43839844 0.43257812 0.44421875 0.44699219 0.43296875
 0.45171875 0.44625 0.43527344 0.44148437 0.45132813 0.43503906
 0.44480469 0.44335938 0.43792969 0.45246094 0.44183594 0.44625
 0.44207031 0.43625 0.43492188 0.43789062 0.43507812 0.42796875
 0.44644531 0.44660156 0.4325 0.44683594 0.43558594 0.44128906
 0.44050781 0.44628906 0.44257812 0.43878906 0.43210938 0.44367187
 0.43296875 0.44121094 0.42832031 0.42976562 0.4421875 0.44792969
 0.43355469 0.44285156 0.43941406 0.42765625 0.43871094 0.43171875
 0.43328125 0.43964844 0.43066406 0.43765625 0.43191406 0.445
 0.44136719 0.43136719 0.44027344 0.43375 0.43882813 0.43992188
 0.43988281 0.43289062 0.44011719 0.45425781 0.44832031 0.45324219
 0.43246094 0.44203125 0.43902344 0.42878906 0.44441406 0.44226562
 0.43316406 0.43617187 0.43339844 0.44179687 0.43050781 0.43148437
 0.43882813 0.44101563 0.43441406 0.44886719 0.43632813 0.44152344
 0.43503906 0.43527344 0.43792969 0.43167969 0.4371875 0.42566406
 0.44289062 0.42789063 0.44078125 0.43683594 0.43351563 0.4409375
 0.45191406 0.43453125 0.44429687 0.4375 0.43324219 0.44726562
 0.4428125 0.43878906 0.4346875 0.4328125 0.44527344 0.44621094
 0.4421875 0.44320312 0.44507812 0.44515625 0.44609375 0.4353125
 0.43945312 0.44042969 0.43605469 0.43992188 0.44726562 0.43660156
 0.43816406 0.44113281 0.44582031 0.44082031 0.43617187 0.4375
 0.4390625 0.43519531 0.45167969 0.43183594 0.43277344 0.4478125
 0.435625 0.4440625 0.42652344 0.44253906 0.43734375 0.45132813
 0.43550781 0.44480469 0.43261719 0.44382813 0.43773438 0.43332031
 0.44304688 0.44199219 0.44464844 0.4403125 0.44859375 0.44363281
 0.43984375 0.44507812 0.45578125 0.4475 0.43785156 0.44414063
 0.43351563 0.44027344 0.43863281 0.44746094 0.43542969 0.45863281
 0.43355469 0.44308594 0.44429687 0.43621094 0.43800781 0.44355469
 0.43617187 0.44121094 0.43859375 0.44507812 0.43890625 0.43921875
 0.4403125 0.43554688 0.45058594 0.4415625 0.43800781 0.44210938
 0.43917969 0.43804688 0.44125 0.43445312 0.45335938 0.44707031
 0.44496094 0.44015625 0.43664063 0.44390625 0.43683594 0.43316406
 0.44300781 0.4396875 0.43265625 0.4365625 0.42867187 0.43890625
 0.43921875 0.44402344 0.43570313 0.43855469 0.44433594 0.44789062
 0.4409375 0.44542969 0.44214844 0.43125 0.43144531 0.43382813
 0.44105469 0.43929687 0.43140625 0.44492188 0.44023438 0.43378906
 0.43816406 0.44910156 0.44527344 0.441875 0.43902344 0.44007812
 0.43054687 0.44167969 0.43152344 0.42886719 0.4421875 0.44667969
 0.44347656 0.43863281 0.44234375 0.44382813 0.44703125 0.44230469
 0.43382813 0.44113281 0.44136719 0.4540625 0.44671875 0.43773438
 0.43742188 0.43496094 0.44257812 0.44851562 0.44605469 0.445
 0.44453125 0.43863281 0.44039062 0.4303125 0.43820313 0.44214844
 0.4503125 0.43417969 0.43644531 0.44246094 0.43144531 0.43976562
 0.43347656 0.436875 0.44117187 0.43660156 0.43058594 0.43972656
 0.43957031 0.44222656 0.43148437 0.44144531 0.43257812 0.43628906
 0.43765625 0.43878906 0.44078125 0.44125 0.43101563 0.4434375
 0.44269531 0.43949219 0.43257812 0.44558594 0.44265625 0.42785156
 0.44042969 0.44195313 0.44019531 0.44824219 0.44367187 0.44320312
 0.4375 0.44449219 0.44179687 0.43769531 0.44585938 0.44550781
 0.4446875 0.446875 0.4490625 0.44101563 0.43390625 0.4365625
 0.44976563 0.44082031 0.43875 0.42886719 0.44507812 0.4353125
 0.43890625 0.44574219 0.43855469 0.43210938 0.42683594 0.4384375
 0.44074219 0.44492188 0.44152344 0.43792969 0.44945313 0.44164063
 0.44253906 0.44792969 0.43949219 0.43246094 0.44074219 0.44519531
 0.45066406 0.43914063 0.4434375 0.44113281 0.44292969 0.43472656
 0.44140625 0.44550781 0.44171875 0.43957031 0.44441406 0.43183594
 0.44039062 0.44484375 0.44375 0.42796875 0.44007812 0.44480469
 0.43660156 0.44363281 0.43820313 0.43835937 0.44480469 0.44457031
 0.43773438 0.44730469 0.441875 0.4465625 0.43589844 0.44148437
 0.44351563 0.43675781 0.4446875 0.43496094 0.44011719 0.43703125
 0.42964844 0.45019531 0.44335938 0.43429688 0.44167969 0.44285156
 0.44460937 0.43664063 0.43269531 0.43769531 0.44496094 0.44226562
 0.44402344 0.43886719 0.4309375 0.43320313 0.44015625 0.43402344
 0.44125 0.43433594 0.43679687 0.43980469 0.44363281 0.45082031
 0.44488281 0.44371094 0.43757812 0.43273438 0.43796875 0.43550781
 0.43121094 0.44699219 0.42746094 0.44105469 0.42777344 0.44773438
 0.44359375 0.44675781 0.43632813 0.43875 0.44625 0.45476563
 0.43222656 0.44835938 0.44242188 0.44617187 0.44734375 0.44613281
 0.43890625 0.4421875 0.44371094 0.43679687 0.42917969 0.45351562
 0.42785156 0.43683594 0.45042969 0.43125 0.43394531 0.44722656
 0.44429687 0.43269531 0.44386719 0.43535156 0.44894531 0.43691406
 0.43863281 0.43210938 0.44570312 0.44109375 0.44382813 0.43585937
 0.44972656 0.45167969 0.44078125 0.44070312 0.44628906 0.43949219
 0.4321875 0.44730469 0.44128906 0.43730469 0.43566406 0.44097656
 0.43746094 0.44042969 0.44226562 0.44417969 0.43078125 0.43171875
 0.44132813 0.42546875 0.43597656 0.4309375 0.43785156 0.439375
 0.44101563 0.43898437 0.43738281 0.44734375 0.44757812 0.43175781
 0.43414063 0.45570312 0.4546875 0.43804688 0.42613281 0.43996094
 0.44535156 0.43902344 0.43585937 0.428125 0.43859375 0.42757812
 0.4375 0.44648437 0.44257812 0.435625 0.44078125 0.43429688
 0.4375 0.43796875 0.43976562 0.43683594 0.444375 0.44335938
 0.441875 0.4384375 0.4484375 0.44273438 0.43105469 0.43671875
 0.44183594 0.44632813 0.441875 0.45398437 0.44289062 0.44894531
 0.43824219 0.43855469 0.43492188 0.44007812 0.43601563 0.45871094
 0.43558594 0.44316406 0.44644531 0.43175781 0.43035156 0.435
 0.43027344 0.44152344 0.43160156 0.44367187 0.43648437 0.44660156
 0.44367187 0.44375 0.43382813 0.45210937 0.43699219 0.43429688
 0.43449219 0.43800781 0.43664063 0.44765625 0.43203125 0.44773438
 0.44777344 0.43964844 0.44566406 0.44421875 0.43972656 0.43191406
 0.44183594 0.43390625 0.44429687 0.45230469 0.44226562 0.44195313
 0.4428125 0.43222656 0.44101563 0.43304687 0.441875 0.45003906
 0.43125 0.44785156 0.441875 0.44308594 0.44296875 0.439375
 0.446875 0.43367187 0.44792969 0.42871094 0.43730469 0.43289062
 0.44679687 0.45207031 0.4359375 0.44023438 0.44382813 0.44605469
 0.44269531 0.43621094 0.425 0.43800781 0.44328125 0.42871094
 0.43824219 0.43460938 0.44183594 0.43390625 0.44351563 0.44851562
 0.43625 0.43515625 0.43964844 0.44128906 0.43285156 0.44046875
 0.43390625 0.43679687 0.43375 0.43570313 0.43609375 0.43542969
 0.44273438 0.44054688 0.4415625 0.44164063 0.43328125 0.448125
 0.43984375 0.43578125 0.43222656 0.45007812 0.43558594 0.43871094
 0.43894531 0.44207031 0.44242188 0.43527344 0.440625 0.44367187
 0.44757812 0.43753906 0.44203125 0.44285156 0.44628906 0.44089844
 0.44714844 0.4359375 0.44175781 0.43644531 0.44625 0.43628906
 0.43257812 0.43980469 0.44703125 0.42929688 0.446875 0.44324219
 0.43363281 0.44675781 0.43914063 0.45117188 0.44835938 0.45773438
 0.44660156 0.43554688 0.4328125 0.43144531