0.2891 
-0.0352 
0.2852 
-0.0645 
-0.0469 
0.3535 
-0.1406 
0.0234 
0.3320 
0.3418 
0.3750 
0.3242 
0.3691 
0.5078 
0.0039 
0.3008 
-0.0332 
-0.1855 
0.3145 
0.3516 
0.4180 
0.3906 
-0.0586 
0.4785 
0.1211 
0.3027 
0.0684 
0.3789 
0.2227 
0.3555 
0.1445 
0.3730 
0.2148 
0.3711 
0.2676 
0.3867 
0.3711 
-0.1914 
-0.3086 
0.4219 
0.4844 
0.4512 
0.1055 
0.0098 
0.2773 
0.3555 
0.3047 
0.3457 
0.0430 
0.2461 
0.3438 
0.3750 
-0.1191 
0.4199 
0.3789 
0.3652 
0.1523 
0.0293 
0.3906 
0.2324 
0.3281 
0.3789 
0.0977 
-0.0859 
0.0996 
0.3184 
-0.1523 
-0.1133 
-0.1016 
0.4141 
0.4297 
-0.0020 
0.3535 
0.4160 
0.2891 
0.3047 
0.4023 
0.2812 
0.3066 
0.4805 
0.3633 
0.3320 
0.4668 
0.4199 
0.3145 
0.2734 
0.0527 
0.3105 
0.3906 
0.2324 
-0.1504 
0.4531 
0.2832 
0.3867 
-0.0527 
0.3184 
0.3145 
-0.0898 
0.1504 
0.5195 
0.2910 
0.0078 
0.4219 
0.2539 
0.2480 
0.2559 
0.2598 
0.3145 
0.3906 
0.2656 
0.3555 
0.3633 
-0.1484 
0.3711 
0.2480 
0.2930 
-0.0781 
-0.0879 
0.0957 
0.0430 
0.3047 
0.0527 
0.4414 
0.3320 
-0.0039 
-0.0566 
-0.0820 
-0.0039 
0.4648 
0.5098 
0.1465 
0.3359 
0.0859 
0.1875 
0.4043 
0.3809 
-0.1680 
0.3848 
0.3555 
0.3262 
0.3164 
0.3027 
0.3438 
0.4648 
0.4512 
-0.1152 
0.1133 
0.0059 
0.2910 
0.3047 
0.0625 
0.1836 
0.2910 
0.4023 
-0.1309 
0.3945 
0.2949 
-0.0352 
0.3242 
0.3477 
-0.0059 
0.2988 
0.3262 
0.4004 
0.3418 
0.3262 
0.3125 
-0.0293 
0.3789 
-0.0371 
0.2871 
0.4238 
-0.0684 
0.2109 
0.3555 
0.3203 
0.3242 
0.2656 
0.4336 
0.0312 
0.3281 
0.2539 
-0.0879 
0.0195 
-0.2305 
0.1484 
0.3047 
0.1270 
0.0449 
0.3848 
-0.1250 
0.2539 
0.3164 
0.3066 
0.2305 
0.2207 
0.3047 
0.4453 
0.4902 
0.3164 
0.2812 
0.2363 
-0.1035 
0.3418 
0.3789 
-0.0078 
0.3496 
0.2617 
0.3359 
0.4414 
-0.1602 
-0.0137 
0.4043 
0.3516 
-0.0020 
0.3457 
0.3301 
0.3438 
0.3340 
0.2207 
0.1992 
0.3027 
0.3496 
0.2695 
0.0410 
0.3184 
-0.2051 
0.3281 
0.3301 
0.0215 
0.1074 
0.3633 
0.0957 
0.4023 
0.3477 
0.3086 
0.3281 
-0.0957 
-0.0586 
0.3164 
0.3516 
0.4316 
0.1504 
0.3730 
0.0723 
0.2637 
-0.0234 
0.2969 
0.4922 
-0.3398 
0.4570 
0.4668 
0.3008 
-0.4707 
-0.4121 
-0.3281 
-0.4004 
0.4023 
0.3867 
0.4316 
-0.0898 
0.3789 
0.4531 
-0.1035 
-0.3926 
-0.4277 
0.3789 
0.1680 
-0.2383 
0.3965 
-0.2285 
0.4727 
0.4355 
0.3438 
0.4492 
0.3789 
-0.2949 
0.5195 
0.4199 
0.4062 
0.4727 
0.4668 
0.4453 
-0.2676 
-0.2383 
0.5059 
0.4609 
-0.1504 
0.4434 
0.1348 
-0.1465 
-0.2461 
-0.1797 
0.4316 
0.4785 
0.4219 
-0.0527 
-0.1230 
0.4570 
0.1621 
-0.1992 
-0.0547 
0.3984 
0.4434 
-0.2305 
-0.0664 
0.3789 
-0.2383 
-0.3535 
0.4258 
0.4297 
-0.0742 
0.0098 
-0.1738 
0.4258 
0.2852 
-0.0859 
-0.3047 
0.0586 
0.3242 
-0.3457 
-0.2305 
0.5059 
-0.2324 
0.1074 
-0.2480 
-0.1191 
0.3730 
0.3496 
0.0312 
0.3496 
0.5020 
-0.2715 
0.4492 
0.4297 
0.4863 
0.4336 
0.4844 
0.6211 
-0.1211 
-0.3203 
0.4688 
0.5020 
-0.2246 
-0.2656 
-0.3457 
0.4395 
-0.1465 
-0.3613 
0.4844 
0.4160 
0.4395 
-0.2695 
-0.0254 
0.5117 
0.0781 
0.4297 
-0.3457 
-0.1777 
0.4023 
-0.1387 
0.5098 
0.2852 
-0.2695 
0.3262 
0.2598 
0.4160 
-0.0762 
-0.1289 
-0.3613 
0.0527 
0.4551 
0.0059 
0.4082 
0.4199 
0.4629 
0.4141 
0.4219 
0.4238 
-0.5078 
-0.1406 
0.4453 
0.4316 
0.4023 
0.5898 
-0.5840 
0.3926 
0.4355 
0.5273 
-0.2402 
0.3867 
-0.2871 
0.5898 
-0.2422 
0.3398 
0.0039 
0.4004 
0.5039 
0.3789 
-0.2773 
0.4238 
0.3145 
-0.2012 
0.5410 
-0.2910 
0.4727 
0.5039 
0.4512 
-0.1758 
0.5664 
0.4199 
0.4297 
0.4219 
0.4453 
0.1133 
0.4863 
-0.0957 
0.5156 
0.4629 
-0.2207 
0.3594 
-0.2891 
-0.0527 
0.2637 
0.4766 
0.1211 
-0.2969 
-0.1816 
-0.2090 
-0.0664 
0.4648 
0.3848 
0.3633 
-0.0723 
0.4434 
0.4180 
0.4473 
0.3691 
-0.2773 
0.0332 
0.5020 
-0.2988 
-0.0645 
-0.0371 
0.1172 
-0.1074 
0.4492 
-0.3105 
0.4141 
0.4609 
-0.0625 
0.3945 
0.4102 
0.3281 
0.3691 
0.0312 
0.4297 
0.5234 
0.4590 
0.4238 
0.5410 
-0.0957 
-0.3398 
0.4609 
-0.1875 
0.5000 
0.5156 
-0.1719 
0.4492 
-0.1348 
0.0332 
-0.0234 
0.4453 
0.4941 
0.4336 
0.5664 
0.5547 
0.3262 
0.2852 
0.3301 
0.4590 
-0.1602 
-0.4648 
-0.1934 
0.4082 
-0.1426 
-0.3223 
0.5352 
-0.2578 
0.4258 
-0.1992 
0.4473 
0.4570 
0.1543 
0.3770 
0.4863 
0.3203 
-0.1680 
0.4414 
0.5625