0.1328 
-0.0332 
-0.0293 
-0.1152 
-0.0156 
0. 
0.0566 
-0.0156 
0.0918 
0.0820 
-0.0352 
-0.0625 
-0.0195 
0.0703 
0.0156 
-0.2090 
0.0645 
0. 
0.0234 
-0.0723 
0.0762 
0.0762 
0.0918 
0.0547 
0.0957 
-0.0234 
0.0781 
-0.0156 
-0.1465 
-0.0391 
0.0410 
0.0273 
-0.1348 
0.0410 
-0.2012 
-0.0684 
-0.0566 
0.0742 
-0.0840 
0.0156 
0.1992 
-0.1289 
-0.0098 
-0.1406 
0.0176 
0.0996 
0.0371 
0.0879 
-0.0430 
-0.1602 
0.0840 
-0.1875 
-0.0547 
0.0254 
0.0078 
0.2559 
-0.1133 
-0.0449 
0.1055 
0.0039 
0.1367 
-0.0586 
-0.0664 
0.1133 
-0.0996 
-0.2148 
-0.0137 
-0.0781 
-0.0508 
-0.0273 
0.0469 
0.0371 
-0.0605 
0.0977 
0.0898 
-0.1523 
-0.0156 
-0.0898 
-0.1445 
0.0820 
-0.0176 
-0.0215 
-0.1035 
0.0391 
0.1055 
0.0098 
-0.0293 
0.0254 
0.0234 
0.0254 
0.0195 
-0.0137 
-0.0684 
-0.1953 
0.0410 
-0.0918 
0.1152 
-0.0234 
-0.0371 
0.0215 
0.0547 
-0.0254 
-0.0371 
-0.0098 
-0.0566 
0.0566 
0.0391 
0.1348 
0.0234 
-0.0879 
-0.0195 
0.0254 
0.0625 
-0.0391 
0.1094 
-0.0312 
0.0977 
0.0156 
0.0117 
-0.0605 
-0.0293 
-0.1113 
-0.0273 
0.0508 
-0.1113 
-0.0215 
-0.0508 
-0.0566 
0.2070 
0.2363 
-0.0547 
-0.0391 
-0.1426 
-0.1055 
-0.0820 
0.1016 
-0.0762 
0.0527 
-0.0098 
0.1504 
0.0605 
0.0117 
0.0820 
0.0391 
-0.2402 
-0.0098 
-0.0410 
-0.0625 
0.0410 
0.0176 
-0.0781 
-0.0039 
0. 
0.0098 
0.0156 
-0.0176 
-0.0176 
0.0059 
0.0371 
0.0469 
0.0293 
-0.0371 
-0.0059 
0.0840 
-0.0547 
0.0566 
0.0723 
-0.1465 
0.0293 
0.0508 
-0.0898 
0.0020 
-0.1133 
0.0293 
-0.0645 
-0.0234 
0.0684 
0.1973 
0.0039 
-0.0859 
0.2031 
-0.0508 
0.0020 
0.0234 
0.0527 
0.1504 
-0.0586 
-0.0977 
0.0586 
0.0859 
-0.0801 
0.0098 
-0.0410 
-0.1641 
0.0820 
-0.0840 
-0.0957 
0.1230 
0.0879 
-0.0039 
-0.0430 
-0.0527 
-0.0625 
-0.1367 
-0.1055 
-0.1270 
0.0273 
-0.0332 
0.0254 
-0.0039 
0.0137 
0.0547 
-0.0664 
0.0117 
0. 
0.1152 
0.0195 
0.0879 
0.0586 
0.0059 
0.0723 
-0.0254 
-0.0059 
-0.0078 
-0.0078 
-0.0742 
-0.2051 
-0.0371 
-0.1836 
-0.0410 
-0.0723 
-0.0449 
-0.0117 
0.1055 
0.1035 
-0.1816 
-0.0039 
-0.0195 
-0.0312 
0.1074 
0.0059 
0.1133 
0.0293 
0.0527 
-0.0078 
0.0840 
0.1387 
-0.0176 
0.0215 
-0.0215 
-0.2168 
-0.0898 
0.0703 
0.0762 
-0.0273 
-0.0469 
0.0879 
-0.0430 
0.1797 
0.1914 
0.1348 
0.0723 
0.0547 
0.0371 
-0.0645 
-0.0527 
-0.1504 
-0.0273 
-0.0527 
-0.2695 
-0.0156 
0.1113 
-0.0293 
-0.0039 
0.0879 
0.0488 
-0.0137 
-0.1191 
0.1406 
0.0879 
0.1426 
-0.0332 
0.0430 
-0.0312 
-0.0234 
0.0078 
-0.1172 
0.0879 
-0.0527 
0.0254 
-0.0488 
0.0488 
0.0234 
-0.0156 
0.0664 
0.0977 
-0.0293 
0.0879 
-0.0176 
-0.0605 
0.0117 
-0.0859 
0.1602 
0.1934 
-0.0586 
0.0547 
-0.0547 
-0.0215 
0.0195 
-0.0312 
-0.0898 
0.0117 
-0.1387 
0.0371 
-0.0254 
0.0234 
-0.0586 
0.0117 
0.0469 
-0.0566 
0.0801 
-0.0605 
0.0020 
-0.0059 
-0.0977 
-0.0898 
-0.0137 
-0.0566 
-0.0527 
0.0020 
0.0898 
0.1992 
-0.0703 
-0.0312 
0.0703 
0.0742 
0.0293 
-0.0898 
0.0312 
-0.0293 
-0.0039 
0.0078 
-0.0547 
0.0293 
0.0371 
-0.0195 
-0.0098 
0.1387 
-0.0078 
0.0586 
0.1035 
-0.0625 
-0.1172 
-0.0293 
0.0039 
-0.0645 
-0.0156 
-0.0371 
-0.0859 
0.0215 
-0.0684 
0.0391 
-0.0508 
-0.1035 
0.0586 
0.0605 
-0.0684 
0.0488 
-0.0059 
-0.0078 
-0.0332 
0.0605 
-0.0234 
0.0273 
-0.0293 
-0.1953 
-0.0508 
0.0508 
-0.0234 
0.0918 
-0.0254 
0.1074 
-0.1191 
0.0684 
-0.0098 
-0.0234 
0.1133 
-0.1250 
0.0859 
-0.0371 
0.0723 
0.1094 
0.1387 
-0.0137 
0.0312 
0.0195 
-0.1602 
0.0098 
-0.0723 
0.0527 
-0.1250 
0.0430 
0.0371 
0.1074 
-0.0605 
-0.0566 
0. 
0.0977 
-0.0566 
0.1562 
0.1426 
-0.0508 
-0.0430 
-0.0781 
-0.0352 
-0.0977 
-0.0176 
-0.0879 
0.0742 
-0.0547 
0.1992 
-0.0293 
0.1016 
-0.0352 
-0.0332 
-0.0137 
0.0039 
0.0273 
-0.0137 
0.0176 
0.0078 
0.0645 
-0.0137 
-0.0254 
-0.1016 
-0.0840 
0.0176 
-0.0273 
-0.0684 
0.0215 
-0.0312 
0.0215 
0.1055 
-0.1094 
-0.0371 
-0.0156 
0.0332 
0.0176 
0.2051 
0.0312 
-0.0117 
0.0254 
-0.1035 
-0.0488 
0.0703 
0.0410 
0.0723 
-0.0527 
-0.2363 
0.1367 
-0.0176 
0.0215 
-0.0176 
-0.0391 
-0.0332 
-0.0195 
0.0391 
0.0664 
-0.0137 
-0.0117 
-0.0176 
-0.0664 
-0.0234 
-0.0234 
0.1348 
0.0410 
0.0332 
0.0625 
0.0605 
0.1172 
0.0312 
0.0605 
-0.0664 
-0.0410 
-0.1465 
0.1270 
-0.0449 
-0.0664 
0.1035 
0.0254 
-0.0645 
-0.0039 
0.1074 
-0.0566 
0.1133 
0.0625 
0.0078 
-0.0703 
0.0527 
0.0410 