Expressibility without NQE (Train): 0.03261077642979354
Expressibility without NQE (Test): 0.036739822140866234

Expressibility with PCA-NQE (Train):
[0.4109230071195036, 0.4042915751342982, 0.38443754244959266, 0.3518449095940681, 0.3214813669229644, 0.2952006998454085, 0.2634529868674392, 0.2562274413696372, 0.25609760137280935, 0.24487092125062707, 0.2498184103879351, 0.24394092905159007, 0.24582162411445246, 0.23139011055332592, 0.24377150643003692, 0.24698429011988782, 0.2413369463140717, 0.23089058691645398, 0.2358788540697379, 0.23453293223695865, 0.24603037140147574, 0.2478941405576166, 0.2544166855062919, 0.24947666647764108, 0.24477027219653213, 0.2423950413404759, 0.2513739578805867, 0.2448469656795296, 0.2331492495783938, 0.23197336854549402, 0.22671670598446647, 0.2278362089337221, 0.22856479980832614, 0.23051795024699895, 0.24154887886564064, 0.24307119840376612, 0.24777711371749023, 0.2436882771748379, 0.24327075376022758, 0.24298904719910164, 0.24037676726713142, 0.24255182059820243, 0.24707055387907045, 0.2513535175799546, 0.24781238922319546, 0.24595691424948352, 0.24345322755638013, 0.25004261953115053, 0.24449990778499606]
Expressibility with PCA-NQE (Test):
[0.4100971748315322, 0.4038944372211856, 0.38892590216844203, 0.35284384922937817, 0.32053297172913636, 0.295351990472832, 0.2662463776499682, 0.2547745982312042, 0.25454177387402416, 0.24456089733112968, 0.2493677777182278, 0.24361805932371525, 0.2418321285661322, 0.2344713620781053, 0.24507586065143863, 0.24919904043013513, 0.23796999991942594, 0.2298407032373715, 0.2358571879115705, 0.2341030339010174, 0.24639800540534867, 0.2492619738353862, 0.2541403655601116, 0.24715982495939168, 0.24480214890676433, 0.23943973601066915, 0.24927526399452296, 0.2449199366705011, 0.23068097010540783, 0.23114779828333826, 0.22670583970759944, 0.22510596700378782, 0.23070515453078386, 0.22977182211260602, 0.24091874395549184, 0.24249760504759438, 0.24483958988765045, 0.2425234172660544, 0.24323498657329143, 0.24262066477439465, 0.24181380742418995, 0.2401199732919488, 0.2429627745228594, 0.2505515524003768, 0.2484442854301666, 0.24596202866034417, 0.24238548205869187, 0.2487253751269049, 0.2470180192971616]
Expressibility with NQE (Train):
[0.50752416064457, 0.4911028142375495, 0.48272707482794325, 0.47817174361927645, 0.48218949299313085, 0.46682339918738197, 0.46007094752974437, 0.4578146362934439, 0.4547700676068395, 0.45565394650781793, 0.45425091235104215, 0.44781899000711867, 0.4448756903914981, 0.4411975926860209, 0.4326283087948713, 0.4329668216697164, 0.42889809957833314, 0.42278500256026313, 0.40835410356990803, 0.3967351916060052, 0.39833180032141413, 0.3561057784334897, 0.36003049438839857, 0.29733590451004777, 0.2788043634200685, 0.2705130195858469, 0.2833059283100106, 0.31881821792837234, 0.2985138182643779, 0.25227986090124443, 0.281267790044841, 0.25585914723677855, 0.27185265882575815, 0.2796091864888874, 0.25319116492726457, 0.23484385198485344, 0.220436985197271, 0.2081820665920817, 0.23822572012949988, 0.23414016337794705, 0.23737162108222704, 0.24337654515953783, 0.2886096603447294, 0.2706383044890217, 0.24927958295275865, 0.2188522847113282, 0.24828878434446205, 0.2589706964442452, 0.258247607476402]
Expressibility with NQE (Test):
[0.5077705819816416, 0.4895895109606937, 0.48307906546774043, 0.47776234283287583, 0.48239160716811064, 0.46937792334677064, 0.4618664688609006, 0.4605653373718601, 0.455753244041875, 0.4572266220983938, 0.4515180993953862, 0.45051303563366935, 0.44557565464982246, 0.44276724206719237, 0.43432861369061054, 0.4312845497343431, 0.4296981183793542, 0.425864544235347, 0.40711638485274904, 0.39971003765697777, 0.4033617124439516, 0.36137350980409405, 0.3622785449843525, 0.2974147876461694, 0.2828650127262763, 0.2724642662485804, 0.2864355850088477, 0.31906318524563354, 0.30076429178904235, 0.2523167456044549, 0.2864704154442133, 0.2613641271259526, 0.2733639068474493, 0.28463397719365147, 0.252080990122097, 0.23508198498245594, 0.2222487670076897, 0.20869068507334212, 0.23832837146764854, 0.23463084149391464, 0.23924381554801696, 0.2446039093550679, 0.29084727460678, 0.268367686603794, 0.24735717692335962, 0.22157713041348834, 0.248902156127244, 0.2589820955696806, 0.25967138111593063]
