 0.71731667 0.7264166 0.72049003 0.71469277 0.70206284 0.70845499
 0.68542436 0.70060462 0.67230215 0.66657952 0.68135542 0.64963903
 0.65022653 0.64953441 0.6127295 0.60686155 0.60629226 0.59859189
 0.56556354 0.53526801 0.53095108 0.5179242 0.50729323 0.4794719
 0.45455903 0.44788833 0.42878993 0.40644524 0.39312316 0.35326989
 0.33518525 0.32860466 0.30682885 0.29301395 0.2764943 0.26105248
 0.25737008 0.25486738 0.23733965 0.22992411 0.22567166 0.22451371
 0.21575004 0.22149944 0.20414454 0.20475781 0.21948046 0.19877079
 0.18835072 0.20108155 0.18824009 0.19257075 0.17641697 0.18516459
 0.17679883 0.17304369 0.18304565 0.1758841 0.1688283 0.17491026
 0.15519342 0.16447879 0.16150575 0.16516926 0.16026804 0.1596235
 0.16426912 0.14914339 0.1462944 0.14862808 0.15312334 0.15527322
 0.15011563 0.15372135 0.13891629 0.15682514 0.14207963 0.13928696
 0.14046503 0.1410876 0.12858641 0.13687691 0.13040383 0.13728849
 0.13254912 0.13414107 0.13485566 0.12633239 0.12477006 0.12892778
 0.13035105 0.12911718 0.13526487 0.12780451 0.13617121 0.13029134
 0.12559112 0.12171456 0.1303312 0.11671688 0.13485417 0.11532693
 0.11979515 0.12577214 0.11811898 0.1217018 0.12079951 0.11975662
 0.11928982 0.11277485 0.11346686 0.12409128 0.11954344 0.1183678
 0.13069726 0.12244321 0.12469643 0.11268193 0.11932061 0.11119283
 0.11311483 0.12369294 0.11634748 0.11269515 0.11915455 0.11304235
 0.12798572 0.10665372 0.12652246 0.10615013 0.12185217 0.1147308
 0.11152554 0.11721613 0.11416336 0.10700587 0.11451143 0.11210699
 0.11167684 0.1130285 0.10170601 0.11520901 0.11477229 0.10685116
 0.116418 0.10866626 0.11859033 0.11450452 0.11253395 0.10841513
 0.09998248 0.11628077 0.09935422 0.11515535 0.10716847 0.10165791
 0.09524327 0.11409088 0.11643238 0.09764255 0.11010805 0.10605332
 0.10025495 0.1152933 0.10402362 0.10335258 0.10688971 0.10332849
 0.1046684 0.10315507 0.10634343 0.10303725 0.09332953 0.11842353
 0.10609517 0.10333149 0.09689918 0.10256054 0.09673795 0.10566097
 0.11014029 0.10574109 0.10128889 0.10405882 0.10012684 0.09514925
 0.10725666 0.09873495 0.09648834 0.10209541 0.10944798 0.09455378
 0.10323417 0.10415347 0.09638694 0.10596223 0.10456719 0.11095013
 0.09632014 0.09771749 0.10605678 0.10588988 0.09398337 0.09760462
 0.08997851 0.09767174 0.09447191 0.09695811 0.09602665 0.09617003
 0.09620285 0.1110319 0.09776344 0.09296075 0.09943097 0.09529283
 0.09073257 0.10117851 0.10104823 0.08930328 0.09133877 0.08981901
 0.08931927 0.10370119 0.08953092 0.09541546 0.10154829 0.09611511
 0.09893184 0.09693432 0.10521741 0.08569802 0.10088855 0.09415972
 0.09616793 0.10155148 0.09052702 0.10097706 0.09309519 0.09290453
 0.09674509 0.0994727 0.09394251 0.08660353 0.09089072 0.09666221
 0.09966993 0.09089598 0.09527103 0.09748056 0.08611325 0.09193336
 0.09394596 0.08265847 0.09010949 0.10159429 0.09588971 0.10114375
 0.09224189 0.08904533 0.093721 0.10076132 0.09456821 0.09181469
 0.09350306 0.08820872 0.09071472 0.09602892 0.08745974 0.09603117
 0.09277994 0.08613861 0.09619055 0.09765818 0.0995604 0.09072225
 0.09600495 0.09916401 0.08623604 0.09534921 0.09492906 0.09439285
 0.09002441 0.09283178 0.08541517 0.09224319 0.0890643 0.10641287
 0.09165923 0.0958086 0.09106703 0.09338115 0.09692104 0.09306953
 0.08568513 0.09363184 0.08237839 0.08927658 0.09109484 0.0926117
 0.09000292 0.09347161 0.09527757 0.09013992 0.08757694 0.08957204
 0.08624426 0.08719976 0.09239716 0.09902407 0.09637589 0.10325967
 0.09538596 0.09261609 0.08821059 0.08945969 0.08076535 0.09295907
 0.08551921 0.09407073 0.09674197 0.10680366 0.08752776 0.08115951
 0.09357456 0.0928721 0.09024748 0.09035294 0.08419397 0.10285481
 0.08649644 0.08932115 0.08088375 0.0884571 0.10193455 0.09222813
 0.09242057 0.0920234 0.07893828 0.08934936 0.08835122 0.10988734
 0.09056539 0.08310559 0.08892246 0.09382596 0.09011755 0.09019162
 0.08024369 0.09519541 0.09624241 0.0927743 0.08907367 0.08376378
 0.08428101 0.09423696 0.08916198 0.09090821 0.09706776 0.09329117
 0.08559161 0.08532556 0.07961131 0.08510765 0.08383645 0.08586677
 0.09011085 0.0955513 0.09040401 0.09869996 0.11105522 0.08866606
 0.09367787 0.08569607 0.08665482 0.08535611 0.09158235 0.08919122
 0.08426552 0.08151004 0.08553483 0.09088956 0.07898438 0.08678648
 0.08834993 0.09443038 0.08206526 0.09105034 0.0839065 0.08705537
 0.09621086 0.08943568 0.0846085 0.08019288 0.08914164 0.09605286
 0.0840853 0.08960326 0.08407024 0.09112941 0.08657059 0.08281811
 0.08790273 0.08435784 0.08533643 0.08161991 0.09093051 0.10259094
 0.09341242 0.09279191 0.10073823 0.08774762 0.0825664 0.08609189
 0.08844515 0.09600652 0.07756019 0.08164015 0.0869954 0.08963438
 0.09172436 0.07468902 0.08734053 0.09126198 0.0863854 0.08049631
 0.0911224 0.09387721 0.09193493 0.09046791 0.09215703 0.0832384
 0.07623842 0.09951153 0.0788506 0.09681126 0.09391756 0.09095266
 0.08844278 0.08602503 0.08441199 0.08439506 0.07791951 0.0920052
 0.08850736 0.08553165 0.08218571 0.09512566 0.08649123 0.08907312
 0.08380869 0.08953308 0.08095508 0.07946903 0.07835522 0.08226592
 0.08668827 0.080093 0.08057934 0.08916603 0.09015241 0.08740191
 0.08340676 0.07948732 0.09168104 0.09619006 0.08044445 0.08743631
 0.08178615 0.08456744 0.07929994 0.08071132 0.08378704 0.07643072
 0.0886144 0.09175374 0.09305868 0.08834691 0.0905656 0.09551383
 0.08742408 0.08197873 0.07931297 0.09202079 0.10659336 0.07831174
 0.0866672 0.08142828 0.08449205 0.08289205 0.09192375 0.08338284
 0.09258892 0.09158547 0.08764193 0.09147793 0.08747582 0.07822793
 0.09188186 0.08826554 0.08991759 0.08745519 0.07913554 0.09071369
 0.08823611 0.09608969 0.08175003 0.07751253 0.08327683 0.08409596
 0.07813406 0.07721202 0.0904468 0.08406798 0.08154804 0.08279865
 0.09541495 0.0901276 0.07946356 0.08159552 0.08040428 0.09575662
 0.08735094 0.07783305 0.09472287 0.08774813 0.08908907 0.09287874
 0.07625249 0.08079191 0.08914257 0.09066528 0.08951655 0.09032374
 0.08954753 0.07471832 0.08585839 0.09685052 0.07494055 0.09476103
 0.0768466 0.07996706 0.08869408 0.08110003 0.08150888 0.08097114
 0.08525817 0.08047713 0.08535612 0.08985239 0.0825333 0.08594949
 0.07510965 0.07772374 0.07967706 0.09772682 0.08590748 0.08067133
 0.08512061 0.08021396 0.08236086 0.09506641 0.08522671 0.0894557
 0.07546186 0.08815364 0.07394892 0.08423521 0.0848103 0.08122508
 0.07921414 0.07884863 0.08171469 0.08305721 0.08613835 0.08853645
 0.08354987 0.08951817 0.0807881 0.08530031 0.07595269 0.09347482
 0.07284914 0.07872911 0.07661887 0.08147409 0.07670055 0.08031278
 0.08125404 0.07367134 0.08599459 0.09354756 0.08303419 0.08568422
 0.07747449 0.09229281 0.07761759 0.08120383 0.09090415 0.08852645
 0.07536705 0.07494695 0.08619112 0.08310171 0.07889919 0.07460961
 0.07753763 0.07650802 0.07908285 0.0703937 0.07504511 0.0772904
 0.07590997 0.08821385 0.07088008 0.08546072 0.07475003 0.07589072
 0.09204679 0.0806301 0.07591658 0.08118294 0.0838274 0.08385463
 0.08339147 0.08073732 0.08163264 0.08870848 0.07886676 0.073746
 0.08269782 0.06806199 0.08491751 0.06406409 0.10153188 0.08428187
 0.08291503 0.08074997 0.08400546 0.07621265 0.07886446 0.07188292
 0.08726508 0.06689889 0.07413335 0.08580419 0.07809 0.08176929
 0.09415227 0.08080787 0.08355296 0.08051613 0.07376701 0.07588678
 0.07437604 0.08230113 0.08250584 0.08062892 0.07288054 0.08405
 0.07952676 0.0803591 0.08949936 0.08260083 0.06800305 0.0759141
 0.0755952 0.07472837 0.0826807 0.09132959 0.0751165 0.08457611
 0.09396725 0.08765787 0.07215869 0.08054787 0.08160891 0.07562086
 0.07656381 0.0817896 0.06800695 0.0823796 0.07256051 0.08292792
 0.08317358 0.07466992 0.0843084 0.07418578 0.07403625 0.075287
 0.07556835 0.0705348 0.07920289 0.07239953 0.08693697 0.08017274
 0.07525827 0.09119185 0.07783222 0.07018236 0.07281081 0.08440592
 0.08623632 0.07779526 0.09261875 0.08918404 0.07400332 0.07568872
 0.08278968 0.08358835 0.07345441 0.0740489 0.0802288 0.08785364
 0.07512042 0.07899038 0.07193984 0.07774703 0.07403681 0.08004204
 0.07079284 0.08883045 0.07330626 0.08609909 0.0824633 0.07270158
 0.08117915 0.07045147 0.08579303 0.07081817 0.06909077 0.07848083
 0.07119223 0.08669677 0.08059147 0.07985809 0.08514534 0.07388975
 0.07019011 0.08138642 0.0780629 0.07333278 0.08293051 0.06890616
 0.07999423 0.07153372 0.06185558 0.07391658 0.07361922 0.07847258
 0.07024713 0.06557667 0.07346667 0.07559677 0.0838881 0.08158653
 0.07178737 0.07924045 0.08247405 0.07241874 0.08116055 0.07824637
 0.06892937 0.07351373 0.07310573 0.07613575 0.06803989 0.08210726
 0.06983053 0.07344956 0.0786799 0.07356856 0.067889 0.07308657
 0.07090524 0.07063893 0.07840406 0.07644571 0.08841414 0.08105552
 0.06731192 0.07846545 0.07242141 0.06577946 0.07301774 0.07982199
 0.0727951 0.07912665 0.07578677 0.06912348 0.07384123 0.07724773
 0.08109622 0.09574078 0.08429019 0.06870379 0.07043647 0.07203115
 0.06646425 0.06657062 0.07214071 0.07050754 0.07463261 0.06838376
 0.07279359 0.06805715 0.08545109 0.07027811 0.0749483 0.07770764
 0.07222282 0.06587998 0.06949912 0.06807001 0.07292725 0.06742386
 0.07782906 0.0781107 0.07573687 0.07587897 0.05986498 0.0716237
 0.08135277 0.07316593 0.06992904 0.08039812 0.07754775 0.07407413
 0.08247407 0.07173555 0.07901907 0.07259128 0.07213299 0.07354654
 0.06915793 0.06979491 0.07531338 0.08525583 0.06818986 0.07725458
 0.06961847 0.06741263 0.07483652 0.07207392 0.06314126 0.07053778
 0.06995139 0.08341064 0.07306668 0.06560025 0.08198677 0.07542927
 0.06969832 0.0738499 0.07155952 0.0685313 0.06406816 0.07366153
 0.07523225 0.07046412 0.0676095 0.06742098 0.07431577 0.06430173
 0.06917469 0.07607924 0.07463144 0.06638653 0.06828236 0.06502589
 0.07119436 0.07927335 0.06188114 0.07351157 0.07293367 0.06948039
 0.06941958 0.07857217 0.07594765 0.08294289 0.07560611 0.059933
 0.07732577 0.06924981 0.07778119 0.07773443 0.07375108 0.05879829
 0.06347652 0.05998813 0.07714015 0.0728985 0.06579345 0.07033346
 0.06647709 0.08586552 0.07253336 0.07061117 0.07889096 0.0662158
 0.06683102 0.06173347 0.07016766 0.07392837 0.06675645 0.08124009
 0.07935637 0.07046522 0.07347441 0.06880417 0.07119434 0.06895979
 0.06631593 0.08160329 0.08311873 0.06510547 0.06232849 0.07646226
 0.06512708 0.07439052 0.06811037 0.07181496 0.08443685 0.06554255
 0.07834885 0.0669563 0.06835339 0.06536276 0.06750822 0.06812552
 0.06433308 0.06911408 0.07406731 0.06786344 0.07348852 0.07597599
 0.07630069 0.06552232 0.08107921 0.0704988 0.06170359 0.06312875
 0.07127451 0.06684828 0.07248551 0.06164403 0.07252029 0.06520282
 0.07869762 0.06740393 0.07311469 0.05844787 0.07714192 0.0717309
 0.07979399 0.06532107 0.07797859 0.0691785 0.07073723 0.0723002
 0.07924364 0.0699076 0.06959875 0.06609808 0.07956111 0.06680132
 0.06845813 0.06327447 0.06191654 0.06346765 0.08402635 0.07317016
 0.0694022 0.06672323 0.06331074 0.0720809 0.06813887 0.07618884
 0.06403834 0.08064244 0.06977381 0.0797496 0.06344111 0.07585192
 0.07616803 0.06463869 0.07374991 0.06858114 0.0789283 0.06469178
 0.07711971 0.07351227 0.07882285 0.06294294 0.08314818 0.08318054
 0.07041496 0.06978342 0.07073598 0.07117496