 0.69723949 0.69472387 0.68530402 0.66702264 0.65852271 0.63237457
 0.60563572 0.57630828 0.55026171 0.51455599 0.47639406 0.44788229
 0.42889983 0.38787027 0.37277489 0.36348572 0.34097278 0.3487208
 0.33362286 0.33256704 0.32507511 0.31699193 0.33264175 0.31998508
 0.31255075 0.3106182 0.29196982 0.29779596 0.28801732 0.27905875
 0.28300681 0.27572755 0.26213953 0.26138801 0.25430762 0.2498504
 0.25715151 0.25186363 0.24303584 0.23917891 0.24105789 0.23236222
 0.23646323 0.22280145 0.22787625 0.22444862 0.23171339 0.22587594
 0.21794228 0.23014173 0.21144257 0.20962096 0.21524568 0.20582964
 0.21252522 0.20473702 0.19389564 0.20189674 0.20496331 0.18906188
 0.19421984 0.18966584 0.18905418 0.19525354 0.17728111 0.18442648
 0.18018133 0.17741125 0.17485273 0.16538475 0.17170129 0.16520228
 0.16415011 0.16586304 0.16754947 0.1592601 0.15687464 0.15818479
 0.15431635 0.14977678 0.15014443 0.14329835 0.14066735 0.15164363
 0.15210022 0.14639659 0.13804156 0.13871217 0.14344498 0.12743505
 0.13297999 0.12557551 0.13231849 0.12770325 0.13332764 0.11980613
 0.115374 0.11475296 0.12331039 0.12237873 0.11547008 0.11340242
 0.1090674 0.11061321 0.12041184 0.10762358 0.11261288 0.11156919
 0.1098088 0.09639465 0.10429263 0.10844894 0.10297733 0.10740705
 0.10784997 0.10337752 0.09345589 0.09751775 0.09051332 0.10411663
 0.09923494 0.09389138 0.10167372 0.09132625 0.11408918 0.09784308
 0.09003716 0.0893369 0.08574354 0.09158114 0.08359862 0.08730349
 0.0817695 0.09349535 0.08162782 0.08986041 0.08498208 0.07817285
 0.0718374 0.09375517 0.09607623 0.08398511 0.09277511 0.08556069
 0.0794624 0.08592385 0.07553792 0.07710638 0.08632719 0.07910004
 0.07923853 0.09366568 0.07603777 0.08666249 0.09012354 0.07749617
 0.07415262 0.08155059 0.08595987 0.07752673 0.07387696 0.06693941
 0.07718815 0.07012153 0.07346407 0.09662024 0.0684707 0.07363361
 0.06996311 0.07324939 0.07399158 0.08360529 0.08069507 0.07584796
 0.08398882 0.0806631 0.07442432 0.06852213 0.06623133 0.06937914
 0.07829561 0.06568156 0.06983843 0.0684307 0.07034158 0.06850595
 0.06708916 0.06330918 0.06361692 0.06546748 0.07110052 0.07802711
 0.07823196 0.07640428 0.06826448 0.06522636 0.06522588 0.06718868
 0.06313662 0.06942949 0.06860057 0.06832877 0.06776795 0.0629469
 0.05830123 0.06490755 0.0819335 0.06452074 0.06922064 0.06289993
 0.06735588 0.06896941 0.0587225 0.06276725 0.055433 0.06073424
 0.0549818 0.06565283 0.06529789 0.06964013 0.05292329 0.06109648
 0.06219062 0.07751361 0.064065 0.06395011 0.06937652 0.05481549
 0.05495385 0.07868745 0.06058045 0.08695066 0.05659393 0.05854038
 0.07426127 0.05502707 0.06829992 0.07544073 0.05415809 0.06917639
 0.06565412 0.05911218 0.05752462 0.06490857 0.06274175 0.06685112
 0.06102371 0.06639246 0.06028885 0.06267961 0.05913989 0.05962801
 0.06237904 0.07063555 0.06172454 0.06123605 0.0700955 0.0622842
 0.06337319 0.06517252 0.05863176 0.06481186 0.06192192 0.06714345
 0.05547984 0.05816803 0.06461647 0.0674854 0.05722486 0.06120412
 0.0615988 0.06330254 0.05839187 0.06087025 0.0598085 0.06228721
 0.05913504 0.06004489 0.05929664 0.0525966 0.05625652 0.05995388
 0.06263163 0.05125892 0.06733002 0.05783728 0.06369754 0.05649381
 0.0499069 0.05557838 0.07419433 0.05361905 0.06213777 0.06251679
 0.06063934 0.05998817 0.06309317 0.06160517 0.05428556 0.06084365
 0.06232528 0.05530189 0.06666773 0.07220066 0.05794753 0.05652214
 0.06303326 0.05887769 0.05457764 0.07118316 0.05693687 0.05375979
 0.06270986 0.0582706 0.06255632 0.05887645 0.05853994 0.06087087
 0.06836909 0.05759092 0.07820067 0.05648524 0.05609308 0.06661486
 0.0563545 0.06064698 0.06689389 0.06804625 0.07123964 0.07180882
 0.05977834 0.05696726 0.05767979 0.06831955 0.05086727 0.0680513
 0.06127296 0.05207297 0.06376289 0.05635084 0.06880756 0.06053054
 0.0630295 0.06512278 0.0564408 0.05870291 0.0585825 0.05965908
 0.07044968 0.05831749 0.05356508 0.05469719 0.0557202 0.05772698
 0.05994912 0.06611455 0.05882323 0.06077234 0.05577338 0.0560986
 0.05558673 0.06290594 0.06170094 0.04953689 0.06949548 0.05598471
 0.06327072 0.06716711 0.07042693 0.07076874 0.06654975 0.06058026
 0.06320533 0.06746458 0.06056542 0.06002199 0.05180131 0.05546987
 0.06079119 0.05273901 0.06613197 0.07365117 0.06099252 0.05735537
 0.05986814 0.06071388 0.05826163 0.05223774 0.05970259 0.06587542
 0.05378995 0.06776302 0.06517022 0.06007136 0.06162087 0.0515618
 0.05812708 0.06020749 0.06339799 0.05533355 0.05669498 0.05812286
 0.05895982 0.06305345 0.06007114 0.06202564 0.06455494 0.05155749
 0.0528471 0.06138474 0.05718284 0.05642323 0.05018399 0.05446104
 0.05758309 0.05252995 0.05773544 0.04851929 0.06208788 0.06305847
 0.06660263 0.06080203 0.07203114 0.068253 0.06646423 0.05545862
 0.0542037 0.06713758 0.06239992 0.06340136 0.05525182 0.05648093
 0.06068421 0.05455378 0.05187465 0.05718031 0.06995982 0.05432297
 0.05137543 0.05951577 0.074159 0.05248429 0.06525213 0.05912875
 0.07834481 0.06487971 0.05936368 0.05923891 0.05429763 0.05614267
 0.05752049 0.06919511 0.05857282 0.06435684 0.06477761 0.06777586
 0.06085028 0.05006456 0.06750596 0.0648768 0.06436758 0.04832134
 0.05291622 0.05867594 0.05298843 0.05527406 0.06104999 0.05426348
 0.06198613 0.06193031 0.05477653 0.06057544 0.05790565 0.0583496
 0.06454336 0.05343174 0.0545082 0.06904012 0.04999566 0.06746897
 0.05085969 0.05486643 0.05666668 0.0651814 0.06281328 0.0530819
 0.05152347 0.06333084 0.06329413 0.05135229 0.05677949 0.05763267
 0.05635838 0.0587205 0.05915481 0.06076042 0.06025932 0.06492826
 0.05912991 0.05762858 0.05921052 0.05879252 0.06173567 0.05049563
 0.05211051 0.06530192 0.07243163 0.06313005 0.06497095 0.05336834
 0.0568325 0.05227571 0.06603132 0.05546447 0.06218192 0.06268479
 0.05187224 0.05900883 0.06972364 0.06048041 0.06218065 0.06982596
 0.05304452 0.06913576 0.05035739 0.0594211 0.05749242 0.06485708
 0.05829472 0.07254858 0.05506016 0.05102332 0.05579515 0.0596482
 0.06338519 0.06528147 0.05646055 0.05725291 0.06030112 0.06249735
 0.07027945 0.0589146 0.05144364 0.04751865 0.05962625 0.04813236
 0.0573238 0.05867468 0.06515173 0.0545118 0.06316342 0.06229362
 0.06075747 0.06109319 0.06101386 0.06207235 0.04743798 0.06125174
 0.05078281 0.05756837 0.07117663 0.0499419 0.05923488 0.05972842
 0.06436121 0.07071501 0.05571655 0.05897285 0.05605943 0.05713288
 0.05392022 0.06372307 0.04851616 0.07084357 0.04682754 0.05994129
 0.0536747 0.05484425 0.06462654 0.06390619 0.06049255 0.05418591
 0.06554858 0.06541312 0.0671216 0.06475584 0.06455419 0.06319816
 0.05550231 0.06079492 0.05965483 0.06948721 0.06246387 0.06602685
 0.05675747 0.05332437 0.0570384 0.06458956 0.05488228 0.06044689
 0.07168549 0.0567787 0.06150734 0.05307485 0.06053901 0.06349357
 0.05796094 0.0549963 0.05558759 0.07745773 0.05827478 0.05940993
 0.06878541 0.05932837 0.05931286 0.06276384 0.05681763 0.05792514
 0.05673775 0.06587717 0.06013177 0.05906835 0.04977897 0.07314867
 0.05571179 0.06467691 0.06042486 0.07349549 0.05481573 0.06215094
 0.04837267 0.05986564 0.0640745 0.04906885 0.05607242 0.06092433
 0.05579267 0.06057962 0.05260597 0.05401802 0.05157957 0.06177145
 0.05276711 0.06106866 0.06534888 0.0517652 0.05761078 0.05662672
 0.05654603 0.05292222 0.0651827 0.04913602 0.05422478 0.05940213
 0.05541411 0.05911656 0.05595423 0.05384113 0.05591063 0.06452918
 0.05566409 0.05881042 0.05310487 0.06336202 0.06880093 0.05974401
 0.06295931 0.05457336 0.05635515 0.06315593 0.0630488 0.05678035
 0.06543633 0.0552666 0.04890143 0.0711236 0.05106994 0.06879394
 0.04978387 0.05739638 0.05044375 0.05473029 0.05897161 0.06158088
 0.06437346 0.05426558 0.04683579 0.04934226 0.05779877 0.05935716
 0.07553278 0.05628797 0.06238157 0.05533868 0.05194184 0.06281723
 0.06269693 0.05838356 0.06023516 0.05451635 0.05919715 0.0581837
 0.06553775 0.06737471 0.05677297 0.06208996 0.0603177 0.05106253
 0.05595439 0.05236863 0.05118725 0.05629227 0.05490166 0.06260899
 0.05892874 0.06103742 0.07886112 0.05384015 0.05311234 0.06349109
 0.05991888 0.05440434 0.06237148 0.07855528 0.06093489 0.05520342
 0.06079731 0.06330782 0.05739319 0.05510759 0.05855673 0.06041556
 0.05715513 0.06001488 0.04679113 0.05465625 0.05247328 0.05918699
 0.05127969 0.06421205 0.04556095 0.05988389 0.05895218 0.05345823
 0.04721742 0.06220749 0.06118207 0.05211154 0.05308341 0.05317606
 0.04897354 0.06463046 0.05907533 0.05917781 0.05468899 0.06378362
 0.05149406 0.07082069 0.0668208 0.05416572 0.0581362 0.0587558
 0.06044198 0.06477043 0.06321539 0.05995445 0.06056199 0.05080144
 0.05506513 0.07614726 0.06068712 0.06161569 0.05106991 0.051944
 0.05387443 0.07202662 0.04802599 0.06545766 0.05154973 0.05751247
 0.06111471 0.05209202 0.05647003 0.05111858 0.0619532 0.06108235
 0.05491456 0.04987828 0.05966582 0.0584085 0.06580246 0.04968453
 0.06022113 0.05985927 0.06179382 0.05692797 0.06864718 0.05138273
 0.0742634 0.05468507 0.04537917 0.04600176 0.06502828 0.04533779
 0.0644681 0.06029206 0.05803816 0.05243526 0.05626837 0.06040585
 0.06544123 0.0619532 0.06484193 0.05205963 0.05866801 0.05542145
 0.05581482 0.05090212 0.07084583 0.0566398 0.05317292 0.05778514
 0.0603891 0.05057193 0.06129521 0.0558472 0.06121313 0.05784428
 0.06870738 0.06191057 0.06335963 0.05698249 0.04682766 0.0474309
 0.05186268 0.05163081 0.05561108 0.05634138 0.04628404 0.05971589
 0.05353281 0.05194739 0.06241563 0.04878908 0.05512382 0.06617625
 0.05574729 0.06092991 0.05220722 0.06161867 0.05912873 0.05472615
 0.06091165 0.05661921 0.05789103 0.04812328 0.06696752 0.07194263
 0.05125251 0.06126228 0.05482541 0.0528424 0.05427292 0.0523039
 0.04884512 0.05637222 0.05085302 0.05322792 0.0571143 0.05128327
 0.0530942 0.05680695 0.05418638 0.06090538 0.06631275 0.06518742
 0.04936797 0.05186399 0.06063663 0.05690037 0.0564506 0.05750622
 0.05289234 0.05143976 0.05190288 0.06853723 0.0569422 0.05148397
 0.05552605 0.05549592 0.05485874 0.06991386 0.05696623 0.04602358
 0.04152573 0.06453852 0.06830825 0.05745217 0.05598552 0.04989281
 0.05008412 0.05073642 0.06070951 0.05539257 0.0510518 0.06083814
 0.05973082 0.05457584 0.04688446 0.0542872 0.06183801 0.05075837
 0.05677573 0.05957398 0.04882101 0.06199445 0.07024358 0.05661589
 0.05611118 0.05818207 0.0473906 0.06174639 0.05213402 0.04983294
 0.05328858 0.05563554 0.05111893 0.05799657 0.05575426 0.0533501
 0.0655419 0.06071587 0.05688902 0.05934443 0.06322147 0.06158785
 0.04730672 0.05435404 0.06159033 0.05276606 0.062225 0.04560415
 0.0606246 0.05520836 0.05259017 0.04655944 0.04873869 0.04888669
 0.065021 0.05166063 0.05841858 0.05119078 0.05303339 0.06013208
 0.06564043 0.05540009 0.06986313 0.05675929 0.05507218 0.05604539
 0.04643648 0.05210816 0.05956929 0.0593973 0.05371858 0.04917762
 0.06087113 0.05165597 0.06518074 0.06075377 0.04489626 0.05840306
 0.0532116 0.05634662 0.05869681 0.05573334 0.06486108 0.05540266
 0.04973303 0.05913745 0.06776587 0.05373515 0.05788809 0.04934526
 0.05289383 0.05441386 0.06445515 0.05275995 0.05135365 0.05204546
 0.05722115 0.05975087 0.0588341 0.05020126 0.04959261 0.0594006
 0.05669721 0.05719981 0.05588924 0.05791462