0.52216797 0.50693359 0.49804688 0.47265625 0.48115234 0.49199219
 0.4875 0.49414062 0.48466797 0.48037109 0.45400391 0.47382812
 0.43388672 0.44726562 0.42490234 0.42304687 0.42929688 0.39453125
 0.38535156 0.38261719 0.36494141 0.36699219 0.390625 0.38369141
 0.34384766 0.34960938 0.34609375 0.34384766 0.33066406 0.34287109
 0.30400391 0.34472656 0.31210938 0.39189453 0.35224609 0.34970703
 0.34404297 0.33642578 0.31425781 0.32509766 0.36972656 0.30019531
 0.33769531 0.33857422 0.35449219 0.33369141 0.31611328 0.36474609
 0.31679687 0.33535156 0.36210938 0.32636719 0.3484375 0.34697266
 0.33828125 0.31679687 0.31542969 0.32587891 0.3296875 0.33310547
 0.32900391 0.32568359 0.3515625 0.35019531 0.31953125 0.34316406
 0.35097656 0.33505859 0.31523438 0.37763672 0.32255859 0.32636719
 0.32988281 0.31630859 0.30605469 0.32509766 0.32978516 0.33408203
 0.32373047 0.34599609 0.33271484 0.36660156 0.35556641 0.34384766
 0.31982422 0.36552734 0.33798828 0.33076172 0.33603516 0.34648438
 0.31542969 0.32226562 0.32421875 0.32285156 0.31074219 0.33427734
 0.37802734 0.31933594 0.32470703 0.31542969
 0.46357422 0.45810547 0.44414063 0.43857422 0.44501953 0.41474609
 0.43222656 0.43769531 0.40029297 0.41806641 0.36962891 0.40302734
 0.37832031 0.36767578 0.37548828 0.36083984 0.33994141 0.359375
 0.31875 0.33291016 0.35878906 0.33164063 0.32539062 0.31757812
 0.32167969 0.33652344 0.32109375 0.33027344 0.32236328 0.33808594
 0.34755859 0.32128906 0.30097656 0.31943359 0.33945313 0.32275391
 0.38486328 0.31777344 0.34042969 0.36601563 0.31923828 0.32783203
 0.33945313 0.34628906 0.32099609 0.31572266 0.30595703 0.33564453
 0.31650391 0.32587891 0.32158203 0.33017578 0.31103516 0.3203125
 0.31416016 0.34316406 0.31904297 0.31845703 0.33818359 0.36318359
 0.31181641 0.32236328 0.34365234 0.32167969 0.41259766 0.32421875
 0.33330078 0.31103516 0.35097656 0.32939453 0.35849609 0.32539062
 0.32080078 0.32216797 0.31630859 0.32744141 0.31708984 0.33671875
 0.32236328 0.32529297 0.34804687 0.33398438 0.31572266 0.32626953
 0.32255859 0.33652344 0.315625 0.35205078 0.32451172 0.31445312
 0.32978516 0.35253906 0.31777344 0.34599609 0.31425781 0.33378906
 0.31533203 0.33623047 0.34326172 0.32138672
 0.50390625 0.49443359 0.50097656 0.50175781 0.49228516 0.47871094
 0.4765625 0.47109375 0.48027344 0.47587891 0.46171875 0.46933594
 0.46083984 0.44414063 0.44941406 0.45302734 0.44833984 0.44599609
 0.42089844 0.3875 0.38115234 0.38222656 0.37099609 0.35292969
 0.34150391 0.38134766 0.34277344 0.34248047 0.32021484 0.33896484
 0.32333984 0.32001953 0.31640625 0.32792969 0.32080078 0.32861328
 0.33613281 0.33164063 0.31894531 0.36748047 0.33671875 0.32158203
 0.40400391 0.33564453 0.34824219 0.3203125 0.32490234 0.37324219
 0.34677734 0.32480469 0.32861328 0.31972656 0.32382813 0.33164063
 0.35839844 0.31875 0.33242187 0.32470703 0.33779297 0.30322266
 0.31962891 0.33564453 0.33730469 0.31806641 0.31816406 0.32158203
 0.32275391 0.31699219 0.33964844 0.32001953 0.3640625 0.32304688
 0.321875 0.33144531 0.33359375 0.33554688 0.31123047 0.35996094
 0.33554688 0.34296875 0.3296875 0.33066406 0.31357422 0.34140625
 0.32431641 0.32744141 0.31865234 0.33642578 0.33222656 0.32666016
 0.31845703 0.3453125 0.34892578 0.34160156 0.35742188 0.34560547
 0.32236328 0.31962891 0.31826172 0.35644531