 0.32064684 0.73915311 0.84685817 0.46134015 0.75650827 0.50354101
 0.18769762 0.12651525 -0.02898173 0.56908068 0.67594201 0.41970225
 0.93386604 -0.10086644 -0.04694979 0.44283381 0.54430737 0.6664825
 0.48780174 0.09667398 0.00759185 1.13868365 0.28625932 1.08186703
 0.69649288 0.99079408 0.12914675 -0.03164281 0.71392698 0.1035571 
 0.64571716 0.36407966 0.76652637 0.45440746 1.32227838 0.98527724
 0.1656205 0.31821186 0.25044693 0.69071028 0.25996929 0.44470118
 0.93310345 -0.28823312 0.74080327 -0.2156793 0.1993709 0.87830624
 0.3895275 0.77150961 0.03490097 0.41346807 0.78608803 0.39570337
 0.77375086 0.75812326 0.62784237 0.04370829 0.64160436 0.30999343 
 0.09288572 1.04627733 1.18595975 1.19453813 0.66774585 0.51127024
 0.51440908 0.4803488 0.42305715 0.46077651 -0.32215986 0.48609339
 0.91384375 0.22580345 0.28731611 -0.13966989 1.10271422 0.96411628
 0.1121466 0.75977713 0.247662 -0.01694541 -0.0547111 0.1230844
 0.74490792 0.92016588 0.39292328 0.93624135 0.7924186 1.30717521 
 0.31779338 0.68952935 0.25584066 0.79068772 0.26010846 0.42510934
 0.03621474 0.27035087 -0.21470055 0.48513845 0.18534075 0.58911268
 0.72389676 -0.00252473 0.23938278 0.71936817 0.44329671 0.39348852
 0.73000342 0.92026524 0.70728787 0.7703816 1.01158579 0.66256943
 0.08004551 0.89888956 0.83117692 0.52855147 0.9950163 -0.11939052 
 -0.75340134 1.20676919 1.25402879 0.81527089 0.35515071 0.85278073
 0.49360809 0.44367809 0.43600235 0.81363789 -0.33097857 0.65158479
 1.02319061 0.86423946 1.0549485 -0.02032919 0.98214112 0.75987395
 0.65103587 0.58419152 0.11188333 -0.35943489 0.26193884 0.18057104
 0.60112348 0.60002176 0.80503442 1.01162117 0.534691 0.71011798
 -0.60238647 -0.24518773 0.03727821 1.3795586 1.24825421 -0.04162337
 -0.771215 0.17717011 0.53270494 -0.01882348 0.360417 0.15570397
 0.66559821 0.77588816 0.76827264 0.68650346 0.98796455 0.22018791
 1.04381169 0.36444605 1.20936113 0.24385853 0.47206285 -0.66814121
 0.5456258 0.34045038 0.96451103 0.38880939 0.13642886 0.10796878 
 2.45495983e-01 6.18346825e-01 9.33149795e-01 1.31973080e+00
 6.35303370e-01 8.89387944e-01 1.03788807e+00 1.82129002e-01
 -8.93959454e-02 3.78288707e-01 1.19336457e+00 5.71618542e-01
 4.65604283e-01 1.85865376e-01 -4.77246583e-01 -5.14833225e-04
 5.74189225e-01 1.27650730e+00 4.25651707e-01 1.12560964e+00
 5.02729637e-01 -7.13190567e-02 8.75321321e-01 1.29228878e+00
 8.51604061e-01 2.81816928e-02 8.74973324e-01 9.40391346e-01
 6.75844558e-01 3.82138384e-01 
 1.32344213 0.16042386 0.17341255 0.46164188 -0.55763616 1.08266217
 -0.07905903 0.85129794 0.69547572 0.77144671 -0.24408936 0.8010676
 0.369057 0.34033956 0.54232454 0.63616172 -0.06646149 0.339359
 2.23034419 -0.50759237 1.0341726 0.96915426 0.54591426 0.83836662
 0.31450929 0.56460944 0.81214998 0.07221449 0.39460282 0.20071228 
 -1.35337642 1.16806182 0.45484195 0.62107536 0.14319771 0.52760809
 0.38035196 1.08794876 0.22394138 0.59557696 1.30213849 -0.78316848
 -0.24860187 0.53029363 0.26225236 0.39331228 1.21460727 0.51947792
 0.78837753 0.91146008 0.42781023 0.21234908 0.31814044 0.80640628
 0.29498344 0.39547345 0.77094766 -0.50889456 0.89400153 0.25403042 
 -0.2952169 0.64393298 0.54804058 1.09203724 1.08939237 1.19135642
 0.39365032 0.92286685 -0.54641073 1.35025064 0.86626919 1.67901407
 0.9396568 0.17281487 0.13224876 0.06192127 0.70819611 0.44696563
 0.14732272 1.00108616 1.14945604 1.23383238 0.09564281 -0.34246733
 0.3086358 0.39565626 0.93127309 0.68537345 0.84611656 0.62848235 
 0.22444347 0.41117372 1.08244389 1.00343945 0.36295698 -0.0930517
 0.48668511 -0.23971505 1.45872983 0.33688838 0.63303074 0.92428367
 0.15767203 0.53588893 0.02909259 -0.49497751 0.54371046 0.29357284
 0.44544115 0.98732792 0.3807811 -0.39233235 0.84985375 0.02700639
 0.94801884 0.98481119 0.01325667 1.12099123 0.22315982 0.8014657 
 -0.20018054 1.54509928 1.14484795 1.03203869 0.65792025 0.43197236
 1.19140777 0.7670032 0.02530254 -0.71357723 0.42238321 0.15840928
 1.15385002 0.30835544 -0.40664158 -0.18838535 0.32268913 0.62164804
 -0.7560339 0.15771591 -0.14856733 1.02356088 0.25958774 -0.07672357
 0.16474586 0.58910561 0.37506759 0.35814149 0.63552487 1.05003297 
 0.90971577 1.06729295 0.05359607 1.2695311 0.18227097 -0.94635374
 1.12809544 0.25731046 0.36315 -0.1980337 0.69366591 0.23858367
 -0.06409405 1.05314364 0.1974258 0.55917052 0.81757536 0.55163862
 0.563721 0.91220113 1.00573152 -0.47617927 -0.19975412 1.01870341
 0.74600332 0.05139529 0.13580623 1.17460431 0.98378773 1.02706576 
 1.77792621 0.66143113 0.90652156 0.56588656 -0.06306771 0.74068337
 0.49684552 1.15048864 0.14898959 0.71755168 0.27955556 0.55974122
 0.31665676 -0.18196979 0.19882064 -0.48111529 0.05734348 0.07214313
 0.15038534 0.76306496 0.78529204 -0.03729619 0.44841326 1.27748471
 0.77833361 0.11227782 0.75407856 -0.58726999 0.62585704 0.45302024 
 0.26377865 0.43082693 0.79268155 1.14435489 0.30970926 0.0199255
 0.73824833 -0.09975587 1.06365177 -0.03343195 0.65299155 0.41264734
 -0.21582854 0.89160719 0.15383753 0.14324994 1.30950126 0.76425919
 0.41272611 0.30901169 1.30556848 0.9438034 -1.04149698 0.29016098
 0.83373812 0.13451913 0.18951855 0.38847121 0.47202506 0.6701134 