0.48715979 0.48548096 0.47468359 0.49265544 0.45840466 0.48598583
 0.48268845 0.48900702 0.47516127 0.45189118 0.47410246 0.482219
 0.48293148 0.45380707 0.46026029 0.46024257 0.46841737 0.45343593
 0.455369   0.46925134 0.44728551 0.48150521 0.45864837 0.43604231
 0.45855353 0.45267782 0.47266305 0.46086365 0.47744834 0.41636549
 0.45021973 0.45792594 0.44800191 0.46134052 0.47326567 0.45084526
 0.43946996 0.44814966 0.43280178 0.45510986 0.44389063 0.46568485
 0.42435399 0.43388025 0.43984425 0.40805625 0.44812094 0.44835746
 0.45247856 0.43908562 0.43475651 0.46473846 0.40822829 0.42141691
 0.41814327 0.45326045 0.42864574 0.44695652 0.42592062 0.41364733
 0.44411464 0.45414723 0.44125165 0.44214661 0.44831752 0.40009564
 0.43870787 0.42511626 0.36541951 0.41968535 0.40628422 0.44197599
 0.4249307  0.3870303  0.40746208 0.38803703 0.44101511 0.42985865
 0.44667903 0.40916742 0.4248406  0.41976331 0.44541266 0.41726245
 0.38402478 0.44845372 0.43956546 0.38821858 0.41179677 0.41845985
 0.43442045 0.42604697 0.46410456 0.45261498 0.43590048 0.42481296
 0.43217873 0.45027475 0.39730848 0.42128859 0.428432   0.43741791
 0.42617576 0.42060851 0.39361555 0.42969005 0.39980548 0.41797699
 0.42969021 0.45187984 0.43313392 0.42959693 0.43119955 0.43249311
 0.41683172 0.43616366 0.44129391 0.43625521 0.44160557 0.44214598
 0.40193994 0.42409957 0.44106481 0.42813247 0.43218915 0.41793014
 0.41095606 0.42330531 0.39995534 0.41814725 0.42283048 0.38844118
 0.40733535 0.39950015 0.44158906 0.39025025 0.40057971 0.43047465
 0.38068155 0.42949386 0.42290778 0.43705184 0.40006547 0.39842261
 0.4177518  0.40319383 0.40400751 0.40747804 0.40454431 0.45380866
 0.44702791 0.41321269 0.37822584 0.42665433 0.43333675 0.40989555
 0.43683724 0.39080749 0.41997591 0.41349365 0.40200304 0.42511997
 0.42708774 0.41135511 0.43616234 0.39297823 0.41684514 0.40725745
 0.41816333 0.39185428 0.3975254  0.38913613 0.39250672 0.40348839
 0.43092623 0.40675163 0.40297438 0.39016084 0.40896341 0.37682437
 0.44535478 0.42037944 0.41281252 0.42006095 0.387249   0.42843154
 0.42808225 0.4349098  0.40505377 0.43517563 0.42284766 0.44178038
 0.40472969 0.39962564 0.43948679 0.45083117 0.40319855 0.41312618
 0.43258846 0.41729648 0.41884312 0.41531875 0.39418973 0.41019887
 0.40684415 0.40347632 0.4098763  0.4415145  0.43006747 0.41132898
 0.41083485 0.38143608 0.41689337 0.40492025 0.44491178 0.43533668
 0.39541076 0.4288036  0.39342155 0.38490253 0.38563952 0.3821569
 0.40864144 0.39295477 0.39119698 0.4109504  0.35329298 0.43253066
 0.43044733 0.3789671  0.39354081 0.41276126 0.39815821 0.3637674
 0.42326991 0.3975349  0.38845955 0.38020839 0.39709512 0.35667987
 0.4515542  0.41228504 0.43220299 0.41274904 0.41907869 0.40153609
 0.39932911 0.39360128 0.40776553 0.41947318 0.40615523 0.39296883
 0.43848902 0.40944222 0.39670971 0.39379143 0.40963489 0.37114872
 0.41220171 0.38175582 0.36851472 0.38445811 0.37045571 0.42712836
 0.39887941 0.39714143 0.38334813 0.44626208 0.4024102  0.37657479
 0.3949552  0.36643164 0.37023446 0.4327256  0.374443   0.40745423
 0.36755243 0.39345787 0.38860017 0.38151528 0.42413455 0.34753058
 0.37655254 0.40617153 0.41067545 0.40980403 0.40048193 0.41583649
 0.3612609  0.37186635 0.4153445  0.36419418 0.39302859 0.37668714
 0.38499156 0.37779138 0.39090546 0.35328305 0.37836987 0.39967436
 0.38105189 0.38653111 0.41870339 0.38000218 0.40381058 0.39381346
 0.38422309 0.38756954 0.41787999 0.39054422 0.40230342 0.40775275
 0.40628905 0.37620478 0.41280482 0.3826466  0.39019935 0.40454737
 0.35273541 0.37714053 0.38076416 0.40520847 0.39340731 0.38764698
 0.39833148 0.40222857 0.41701218 0.40098812 0.38873236 0.38916959
 0.38331046 0.39904148 0.3781975  0.37797056 0.40094843 0.38139644
 0.39477645 0.39363687 0.37308413 0.38702053 0.40693112 0.39768548
 0.37928417 0.42021562 0.37027372 0.40879026 0.4111586  0.39973529
 0.36409351 0.38523978 0.39802564 0.40805937 0.39837239 0.41254404
 0.39737006 0.36782684 0.40173002 0.34567962 0.38142764 0.40359238
 0.37693114 0.41132519 0.41851876 0.40672552 0.38518291 0.38840509
 0.36389369 0.3738572  0.38196389 0.39064393 0.44691837 0.39560536
 0.39036311 0.37450253 0.35919025 0.35925218 0.40217643 0.38338373
 0.41662687 0.42280707 0.39128909 0.35851324 0.37706524 0.39908167
 0.36828792 0.35755281 0.35441652 0.3958318  0.39787639 0.38735164
 0.38532122 0.35147756 0.36291849 0.38865838 0.39292796 0.36115855
 0.36114894 0.39259511 0.40119523 0.34394724 0.42532182 0.35583843
 0.35160333 0.35249007 0.39609209 0.41485958 0.38778899 0.40897047
 0.36001837 0.38735064 0.37615337 0.37812482 0.38130181 0.3865762
 0.35095612 0.37936559 0.38946736 0.40456059 0.38945789 0.41943605
 0.32976295 0.36072011 0.39184304 0.37808712 0.3782104  0.35276126
 0.4045591  0.38289951 0.39071956 0.40292498 0.3454351  0.33619394
 0.39265672 0.35995678 0.37203782 0.37246639 0.39240063 0.3300911
 0.38665292 0.39136612 0.39352658 0.41935859 0.36255497 0.34281705
 0.35934684 0.38644792 0.358193   0.36516755 0.35792378 0.34524712
 0.38326518 0.3493035  0.41416649 0.37404142 0.37210779 0.40153004
 0.35404195 0.36964087 0.36238245 0.37888908 0.38018814 0.38623219
 0.39024104 0.42402973 0.36229723 0.3344513  0.37667274 0.39037345
 0.38774933 0.39887146 0.39857096 0.32076881 0.40931843 0.36498052
 0.40428249 0.36455871 0.3934033  0.38673832 0.38526241 0.37091854
 0.34617433 0.32914815 0.38306108 0.41330133 0.40121675 0.38243594
 0.40419455 0.4011306  0.37030893 0.42524503 0.37763345 0.37132848
 0.32075444 0.34620556 0.36622022 0.38640437 0.34540018 0.36190309
 0.37682133 0.36904579 0.35622877 0.40335048 0.33210814 0.35834957
 0.34814441 0.41478399 0.36428663 0.37821148 0.35997733 0.36818214
 0.36231927 0.39455158 0.38341809 0.35026771 0.38141595 0.38062456
 0.3746695  0.3897427  0.37870319 0.37669415 0.3843571  0.38401917
 0.41793685 0.36217439 0.4360191  0.34498621 0.36434091 0.3771267
 0.39212244 0.35828732 0.34069738 0.37222798 0.38429959 0.37695668
 0.37261307 0.35063319 0.3761431  0.36627105 0.3549094  0.37358227
 0.39884621 0.35390299 0.39521162 0.3822136  0.36770143 0.36499661
 0.37595338 0.37998276 0.4073054  0.45217628 0.40196131 0.38704087
 0.37470132 0.40497474 0.33441797 0.3338004  0.39880802 0.37276839
 0.38466843 0.33454575 0.33048855 0.42312708 0.38464428 0.3598498
 0.28924022 0.36549183 0.40932302 0.35113175 0.34398525 0.37411845
 0.36368891 0.34861197 0.36174898 0.36734172 0.34129575 0.43221749
 0.29933364 0.34660006 0.33794795 0.41665811 0.36809286 0.41101074
 0.38237357 0.39684143 0.41960619 0.37502156 0.37391988 0.34890596
 0.39164028 0.42179475 0.39793836 0.38491473 0.33724847 0.33826213
 0.37582362 0.41302744 0.367396   0.38523948 0.33952535 0.3875543
 0.4157247  0.35247913 0.38276214 0.37624981 0.34724867 0.36872309
 0.36319082 0.41386757 0.36827492 0.37435292 0.38925454 0.34535818
 0.30017224 0.36500868 0.37234576 0.41329373 0.3575064  0.34815795
 0.35296073 0.37722758 0.37785933 0.35869674 0.40466453 0.43244957
 0.35680741 0.33323487 0.35689271 0.36150097 0.35473771 0.3075994
 0.33667118 0.40437681 0.40509931 0.39506233 0.36123196 0.32096311
 0.36543895 0.40724159 0.39435301 0.32799839 0.34615512 0.41204739
 0.39618531 0.37180449 0.37832971 0.35263336 0.37823216 0.34113913
 0.44065496 0.31434433 0.35817767 0.34949759 0.35777992 0.3257991
 0.34716975 0.37136063 0.36452147 0.3996177  0.4034101  0.4011348
 0.36357689 0.37397859 0.3356157  0.39102592 0.35980439 0.41769264
 0.41813793 0.32104145 0.39189675 0.38739242 0.39526565 0.3926569
 0.34807587 0.35163628 0.38532743 0.37582521 0.36376805 0.35899396
 0.36685534 0.35368686 0.40844881 0.36668504 0.38484593 0.38554521
 0.42579946 0.37424065 0.40593032 0.45675605 0.34990197 0.35320371
 0.35927427 0.39185464 0.35805205 0.38727328 0.39565101 0.39254002
 0.3680525  0.41702093 0.31537896 0.39702332 0.41334453 0.35266989
 0.38555825 0.38367752 0.4116959  0.38699985 0.29451733 0.41705965
 0.37735887 0.34416005 0.3749813  0.40732795 0.39135394 0.38356751
 0.42915223 0.36348946 0.38662439 0.31530209 0.33157971 0.37081827
 0.34749639 0.37911149 0.38313187 0.34062942 0.40727166 0.35792779
 0.38330008 0.35002279 0.3921078  0.31609438 0.37884311 0.35616626
 0.37373496 0.40573622 0.36644856 0.36730943 0.36607857 0.3806743
 0.37118305 0.36210454 0.39865562 0.36166585 0.37666124 0.34565051
 0.36915244 0.38323957 0.37511659 0.35691236 0.38479461 0.39440982
 0.39246909 0.33881828 0.35221481 0.38160966 0.35365184 0.38956401
 0.36067417 0.40905828 0.35771989 0.3929488  0.36291125 0.38372489
 0.3977884  0.41490193 0.39855648 0.29582634 0.39669679 0.38908688
 0.37899993 0.42658585 0.38677299 0.36242738 0.42782963 0.38094465
 0.38765758 0.40251919 0.39177997 0.39857511 0.40252542 0.42501714
 0.40236182 0.36499181 0.36233848 0.40987659 0.29392155 0.33597295
 0.35555262 0.36616365 0.35047518 0.32176323 0.38690461 0.3618962
 0.33688133 0.39744322 0.37891938 0.31510648 0.40961402 0.37152645
 0.32602957 0.37740493 0.37609397 0.3923185  0.38640868 0.37976958
 0.38824086 0.38044906 0.38508252 0.34726457 0.37883548 0.37049357
 0.37327198 0.39361408 0.39148317 0.3769489  0.35665026 0.33809051
 0.35915049 0.42145587 0.36690489 0.34419447 0.35747219 0.34318068
 0.30435769 0.38616842 0.39345878 0.37006218 0.40385745 0.42005116
 0.40073386 0.31661671 0.37764332 0.3402627  0.37813838 0.36956958
 0.41350487 0.37868994 0.34630396 0.44519296 0.3805862  0.30960179
 0.34640172 0.39030793 0.39833347 0.40386534 0.3094316  0.36165093
 0.33997307 0.42559405 0.38151331 0.37038161 0.4002642  0.34706319
 0.37643009 0.45791175 0.39627003 0.36788713 0.37647104 0.38045515
 0.37941012 0.38027228 0.34685011 0.36048037 0.37875107 0.39236124
 0.33803583 0.40608149 0.37975188 0.3707993  0.37328037 0.29521354
 0.33648978 0.35628407 0.39616374 0.3769427  0.36134951 0.40104405
 0.35776031 0.37938059 0.40390425 0.34134842 0.40105194 0.34228609
 0.31186109 0.37631823 0.36129797 0.35083217 0.35618867 0.37925457
 0.34318056 0.35838504 0.38096132 0.33327238 0.39229954 0.36298158
 0.39170504 0.38173041 0.38110944 0.34173534 0.37572266 0.38866208
 0.40104342 0.37691397 0.35572855 0.3563056  0.40139136 0.37463374
 0.39636093 0.36078631 0.38019315 0.35779174 0.37687735 0.31673577
 0.37217068 0.40979159 0.37706177 0.40201922 0.36831519 0.36817501
 0.33849675 0.34032934 0.3633956  0.37430519 0.39974408 0.4053783
 0.37493009 0.3935176  0.38379917 0.36730822 0.44419199 0.37559493
 0.33974352 0.41622165 0.37142094 0.35721266 0.39331225 0.41530518
 0.34531006 0.37806037 0.36750241 0.36003939 0.38235727 0.36792852
 0.41711604 0.34144516 0.38114856 0.35831109 0.36939796 0.33603259
 0.36522663 0.38357159 0.36313574 0.37354829 0.35910181 0.39053361
 0.34936251 0.41377707 0.38465415 0.34426462 0.39201424 0.45572094
 0.36666645 0.38042781 0.33317719 0.3758385  0.40345592 0.32219405
 0.36918765 0.40918379 0.40341448 0.39718374 0.40400755 0.30784917
 0.35878215 0.31028859 0.39592729 0.35239153 0.36698565 0.40294974
 0.35168619 0.3684981  0.32754947 0.41958994 0.43041883 0.37583041
 0.41185774 0.31609922 0.36320728 0.38573534 0.38265725 0.39248143
 0.38033663 0.39897511 0.34013975 0.39361956 0.3221644  0.40038925
 0.33765923 0.3645533  0.36064014 0.35933411