0.48890379 0.51246822 0.48929143 0.48731477 0.50641108 0.50130734
 0.49651097 0.48570027 0.51663853 0.51379475 0.48952922 0.50244651
 0.49923736 0.51448299 0.48041006 0.50502742 0.47366884 0.5080801
 0.50155281 0.48272592 0.50570679 0.49776353 0.51156703 0.48325342
 0.46966885 0.48370698 0.48454792 0.47913136 0.51645312 0.48990084
 0.47677163 0.49030747 0.49900244 0.4837763 0.48161814 0.48016906
 0.4873256 0.49459881 0.47230951 0.4737405 0.47557144 0.46843826
 0.48269731 0.49969147 0.45795883 0.46942657 0.49741218 0.46191289
 0.4627875 0.47219327 0.45594027 0.46690091 0.46847513 0.46314761
 0.50193805 0.49624418 0.47422978 0.46776305 0.4664471 0.51448917
 0.4817732 0.46414579 0.4693355 0.4664565 0.45975446 0.48419709
 0.47304707 0.45497255 0.46773461 0.4680284 0.47928543 0.44879876
 0.43993919 0.46805208 0.45203238 0.47238345 0.46474344 0.47951152
 0.47217822 0.45985569 0.45142312 0.4645984 0.47394829 0.45728591
 0.47035416 0.45279279 0.44336647 0.47782374 0.45324196 0.44841534
 0.44776704 0.49850054 0.47538891 0.45337668 0.46126009 0.48163219
 0.47503166 0.45993417 0.48453336 0.4448294 0.44309003 0.44859642
 0.44619296 0.43187065 0.42138196 0.44036069 0.47211459 0.49895082
 0.42150437 0.46329241 0.46873043 0.46993492 0.42798171 0.43928569
 0.47785329 0.46131867 0.44360411 0.45965239 0.46241554 0.47171162
 0.43906298 0.44690023 0.45583851 0.43048407 0.47396313 0.46343367
 0.45636603 0.43429716 0.44250895 0.44251673 0.42827166 0.45612266
 0.45485606 0.43684305 0.4311686 0.44267659 0.43912363 0.42308061
 0.47466529 0.42676153 0.44733451 0.47130392 0.44926036 0.46032378
 0.47787599 0.44625731 0.45692643 0.41906552 0.48203568 0.47080103
 0.44905685 0.40532615 0.41058029 0.43104571 0.39356475 0.42262114
 0.44306557 0.43328055 0.47459382 0.43804397 0.41753811 0.429262
 0.46237602 0.46479347 0.44356983 0.45988686 0.46864187 0.45359544
 0.44641615 0.45351619 0.45329932 0.42929869 0.44085353 0.4554596
 0.45068947 0.45478893 0.43404277 0.42904644 0.43666821 0.42954811
 0.44840151 0.40887731 0.42062019 0.44245369 0.39616439 0.45280727
 0.4246833 0.40953793 0.42983203 0.44573031 0.45675052 0.4336369
 0.44978693 0.45123621 0.41539602 0.41692417 0.46098712 0.42410012
 0.42245579 0.44430742 0.42755638 0.43994021 0.45105751 0.4599407
 0.44494207 0.46009985 0.42186266 0.42778399 0.4414867 0.39722112
 0.42782645 0.42703938 0.41516074 0.43839324 0.39724321 0.39548338
 0.41799824 0.41871904 0.43949118 0.38588488 0.41099952 0.39700747
 0.41369292 0.41015126 0.41984311 0.43539959 0.43069083 0.47177069
 0.43401813 0.44979127 0.41113813 0.42426712 0.41942481 0.43634868
 0.43095904 0.43714916 0.42900817 0.42057194 0.4420381 0.42438939
 0.35479273 0.42127334 0.43172707 0.41008308 0.41393545 0.43104956
 0.40939784 0.41506052 0.41487026 0.38399781 0.38898445 0.39492072
 0.39777238 0.42086466 0.40422364 0.43338466 0.42809948 0.39269617
 0.40155593 0.42752721 0.41676499 0.41374373 0.3946989 0.39502617
 0.38514589 0.41432467 0.45324182 0.41939049 0.42398296 0.4007099
 0.42468654 0.40534625 0.37808881 0.42787406 0.39403477 0.42629965
 0.40008233 0.38246139 0.43243954 0.418103 0.38956411 0.41583288
 0.4012249 0.40102996 0.41150364 0.40339895 0.43071888 0.40090916
 0.42611456 0.40898796 0.41706163 0.38671568 0.437085 0.42778338
 0.40800157 0.40038161 0.42108657 0.39425808 0.38776887 0.4118762
 0.42156143 0.3894861 0.39432868 0.39884832 0.39638867 0.38188042
 0.40128721 0.41342474 0.38856782 0.38974623 0.44714837 0.41037016
 0.41909558 0.40257321 0.41857749 0.41457615 0.40441174 0.39016159
 0.41286229 0.40732183 0.39967378 0.40056421 0.37954907 0.38962161
 0.40077094 0.39848545 0.4136097 0.42610369 0.36893142 0.4041223
 0.398607 0.39783372 0.39596779 0.38353627 0.40776413 0.3984697
 0.40837782 0.39756299 0.37050621 0.40696777 0.40326038 0.36640451
 0.38952048 0.40269986 0.38734651 0.38855086 0.41424066 0.38608653
 0.42370194 0.40635265 0.40774001 0.38767111 0.42298558 0.41352957
 0.36220713 0.40714859 0.39558544 0.3747237 0.4141183 0.39364697
 0.40683157 0.40634349 0.37275522 0.39111241 0.37625865 0.39667009
 0.38888131 0.42307365 0.42058986 0.38257729 0.37195665 0.42175147
 0.39723862 0.35671684 0.39795548 0.36152073 0.43710529 0.37355358
 0.38633789 0.40126389 0.39039703 0.41103919 0.38767825 0.37186967
 0.40987897 0.37277271 0.38972634 0.3982604 0.39011756 0.41476214
 0.41447108 0.37973457 0.40612634 0.38882538 0.37320414 0.42092213
 0.39893227 0.39157894 0.38570142 0.3925485 0.38431265 0.383481
 0.37702302 0.41226189 0.38066236 0.40109909 0.39486536 0.41449886
 0.3712166 0.38487124 0.38451991 0.3883 0.36165527 0.36870562
 0.42603179 0.38745972 0.3671383 0.38636625 0.414001 0.37157159
 0.37756417 0.39938092 0.37528473 0.38725063 0.42179209 0.35364914
 0.38807356 0.36541177 0.3836973 0.41993845 0.40886068 0.36433118
 0.40543881 0.39162509 0.41049076 0.39611538 0.41605636 0.37419764
 0.36852198 0.38204532 0.38512565 0.38680702 0.38992234 0.41854553
 0.38149508 0.38567383 0.4057615 0.37500245 0.40231353 0.3811226
 0.3904733 0.37168574 0.40259743 0.39227381 0.36008099 0.3786359
 0.38696077 0.38873593 0.39142388 0.41686959 0.40464866 0.37263695
 0.41812905 0.35293324 0.35462941 0.40918564 0.38903781 0.36488324
 0.37010018 0.39746264 0.40047375 0.38197715 0.39016745 0.37398463
 0.37936138 0.37083422 0.38066159 0.38036626 0.3848148 0.3923462
 0.3385499 0.39479974 0.40856817 0.40409492 0.36596925 0.35372769
 0.37671564 0.38115643 0.37659049 0.35454273 0.41451904 0.3730543
 0.40006962 0.39925094 0.37057606 0.38339083 0.39070655 0.39601054
 0.37025712 0.40122133 0.36919871 0.36242274 0.38142557 0.36833234
 0.37898708 0.34525006 0.40054455 0.3682487 0.36511924 0.38251656
 0.39246666 0.36679262 0.39421118 0.38475946 0.37130072 0.39258048
 0.40013675 0.40052438 0.36081225 0.36203645 0.39422063 0.40042407
 0.35589286 0.37750977 0.40426765 0.34140405 0.35872368 0.33564245
 0.38124478 0.39044425 0.42367122 0.35814096 0.39584997 0.37514288
 0.38898672 0.37259455 0.44041032 0.38921308 0.37462319 0.41507971
 0.40142839 0.38397742 0.42226737 0.38729396 0.36350509 0.35521217
 0.35494639 0.34980941 0.37585051 0.39075999 0.37966066 0.38643882
 0.37239808 0.3416974 0.34386 0.35361987 0.38184775 0.38603928
 0.37795877 0.39148376 0.34851115 0.37238876 0.40342223 0.35244893
 0.41527036 0.3897829 0.35975852 0.39965397 0.34351514 0.40693507
 0.36330667 0.35664895 0.41246019 0.3857219 0.38369686 0.35906198
 0.40872797 0.39998174 0.3767115 0.39010625 0.38589949 0.40502571
 0.33695585 0.33727128 0.3916495 0.34918625 0.36940313 0.33423189
 0.39791024 0.3961076 0.35599198 0.33951686 0.37759874 0.34363178
 0.41005173 0.3631394 0.37182703 0.35973296 0.36949096 0.35546429
 0.38177441 0.33615655 0.36260651 0.38174973 0.38503594 0.36977415
 0.38412134 0.38780638 0.40468082 0.39730883 0.32794183 0.37129511
 0.37548182 0.34319083 0.36955271 0.36373014 0.3786131 0.38076083
 0.37103383 0.35724159 0.41297978 0.39081313 0.37933295 0.38126819
 0.40038666 0.36803322 0.38618387 0.38489528 0.38741421 0.37397236
 0.39070123 0.34393971 0.38892443 0.34753591 0.37726735 0.37108973
 0.35916827 0.37885205 0.35866683 0.3938993 0.40436115 0.37604974
 0.36957727 0.39546993 0.37731251 0.36223817 0.38174064 0.41000794
 0.40708488 0.35107202 0.41113243 0.36428316 0.356225 0.43167148
 0.39659592 0.38173662 0.39184775 0.41520499 0.38790431 0.42377584
 0.35142235 0.39461203 0.33009394 0.41145362 0.3832885 0.36035144
 0.36470641 0.39023995 0.38533656 0.39398093 0.38392129 0.34213462
 0.40533113 0.41089992 0.44669746 0.37346816 0.37939357 0.37219275
 0.38432943 0.40402601 0.38127732 0.37149719 0.38059639 0.38995789
 0.35099112 0.3993714 0.40780081 0.39735879 0.35147485 0.38110966
 0.35596395 0.3534733 0.38092957 0.33934763 0.36838683 0.36414098
 0.39337698 0.40718454 0.38187131 0.36035018 0.36546506 0.38571326
 0.40919322 0.37544408 0.37581804 0.38635236 0.41484354 0.37901933
 0.35211426 0.35244057 0.39169445 0.38287365 0.37500809 0.34843336
 0.3461614 0.35022454 0.35084106 0.40739527 0.39211735 0.3476716
 0.3575103 0.37270291 0.37068167 0.38234703 0.3373696 0.35082674
 0.343252 0.35903801 0.38217622 0.38174109 0.38263778 0.34421292
 0.42885678 0.31114559 0.35291421 0.3972439 0.33485362 0.38269954
 0.40112407 0.35421004 0.39512404 0.37115388 0.36060975 0.38263052
 0.39932334 0.36443838 0.38998109 0.34997996 0.38383284 0.41086396
 0.33827909 0.41038964 0.33000446 0.35023904 0.37960516 0.35920344
 0.37253413 0.38175666 0.41852075 0.35365414 0.36819413 0.38050272
 0.31316184 0.39251976 0.41339576 0.40044556 0.35410925 0.39817321
 0.40274186 0.36871833 0.40333243 0.36654489 0.36626575 0.37193015
 0.32516717 0.37034557 0.33754576 0.35469472 0.39451669 0.38204153
 0.39404148 0.40564867 0.33657604 0.37365015 0.36737384 0.3447702
 0.38878831 0.36512188 0.35409239 0.32990176 0.40905574 0.40192294
 0.35900356 0.36673185 0.43129124 0.38021645 0.41583937 0.37726517
 0.39097328 0.40201133 0.38923152 0.34283188 0.39777456 0.41951517
 0.39863798 0.38642876 0.43222582 0.33392031 0.33165344 0.32814843
 0.42710564 0.39257982 0.35397319 0.34361602 0.43380435 0.40261192
 0.34071499 0.37667665 0.36048384 0.34263146 0.37891438 0.34924719
 0.34670186 0.41182965 0.3478508 0.35017264 0.36296299 0.41330635
 0.35745776 0.3375645 0.36833817 0.36198829 0.38975962 0.35319677
 0.41477731 0.36682146 0.4008766 0.38493322 0.35710173 0.36116735
 0.3357116 0.37064313 0.40006821 0.33613437 0.37779611 0.38332866
 0.40992191 0.39114681 0.37164011 0.35092616 0.34212199 0.39678065
 0.38563567 0.39796078 0.33575655 0.33317979 0.33442384 0.36269789
 0.39424329 0.35743859 0.33400058 0.37131973 0.38050228 0.39466231
 0.36798687 0.37558904 0.35711966 0.39701196 0.36461353 0.38515401
 0.3917336 0.36312232 0.39177066 0.39045233 0.33691446 0.36974577
 0.38282184 0.37389483 0.45183692 0.35497695 0.3656714 0.42488087
 0.33180572 0.41592862 0.33456935 0.38489582 0.38025122 0.38616892
 0.40685381 0.38173796 0.36565873 0.37372798 0.33660534 0.40546469
 0.40259129 0.35866956 0.41513839 0.35670223 0.38618863 0.40926694
 0.35504556 0.43720622 0.34445682 0.40159649 0.38367104 0.39252811
 0.35511619 0.36647855 0.35617817 0.39583762 0.35628063 0.37917455
 0.33998845 0.37620674 0.38093636 0.38866449 0.35717189 0.343126
 0.35700227 0.33612455 0.39321413 0.34155946 0.3742695 0.30080057
 0.38793563 0.36039175 0.33918184 0.43456063 0.31270676 0.30231936
 0.34932771 0.3231452 0.37421339 0.38407448 0.33959895 0.3486921
 0.3808888 0.365556 0.37973896 0.35824067 0.41989307 0.40090093
 0.32593722 0.41235186 0.3928692 0.41918471 0.37334621 0.37502358
 0.35806257 0.43694792 0.38054127 0.36407767 0.37700256 0.3488473
 0.41402354 0.39656885 0.3742755 0.35053559 0.35268673 0.40718429
 0.37615431 0.39103581 0.35085028 0.397103 0.37856537 0.36424846
 0.36580199 0.33324992 0.37147081 0.34049128 0.36961857 0.3862085
 0.38092759 0.39204122 0.35349205 0.37272607 0.36005839 0.35334929
 0.3923518 0.33101317 0.33864595 0.36295172 0.40217962 0.37252019
 0.41146457 0.40680865 0.35955124 0.38749029 0.35278414 0.38269194
 0.39217404 0.31172097 0.36134984 0.33970383 0.42335412 0.35034782
 0.41726284 0.36790484 0.37797844 0.34183651