0.51327683 0.53602444 0.55084375 0.55559226 0.57179423 0.53550976
 0.53746016 0.55657537 0.56343635 0.54558745 0.55063446 0.53722978
 0.52417718 0.55856205 0.54441455 0.52823793 0.49769385 0.51210946
 0.53627368 0.49818871 0.5209554 0.53295912 0.54001634 0.53584658
 0.54699179 0.55319427 0.55609528 0.53309501 0.52244505 0.50811077
 0.54225947 0.53431774 0.51373857 0.51591213 0.52442114 0.53270459
 0.51826114 0.51348538 0.5192947 0.52664806 0.54476956 0.52436065
 0.51064918 0.53076882 0.4894104 0.50753717 0.54071192 0.50272093
 0.49783807 0.51773843 0.517541 0.5016125 0.50182966 0.50706582
 0.50042226 0.49633253 0.49828477 0.48472975 0.51764165 0.49315235
 0.52529229 0.50504064 0.5118372 0.47891327 0.50201434 0.49131717
 0.4882972 0.47539835 0.45793009 0.48741759 0.48311751 0.50565343
 0.49240471 0.48633122 0.51056422 0.46338471 0.47874886 0.47398361
 0.46946891 0.47524878 0.50033791 0.50450938 0.46821982 0.4721654
 0.4727677 0.4644561 0.48832578 0.49484333 0.47669888 0.46529909
 0.45715819 0.48682623 0.47569379 0.46913375 0.49936599 0.49720917
 0.49289007 0.49364935 0.48737953 0.46260811 0.4535938 0.47140954
 0.48277328 0.48255485 0.45195321 0.46890256 0.4791755 0.46946321
 0.47929218 0.46083625 0.43524993 0.45525089 0.46145857 0.4539578
 0.45454846 0.45165973 0.49277564 0.46083763 0.46712209 0.46520452
 0.44944276 0.46905559 0.42272295 0.43426142 0.44474834 0.43333619
 0.44800437 0.48838428 0.41936819 0.42612637 0.42278102 0.44788779
 0.44434735 0.41407392 0.44129082 0.46038655 0.40072843 0.42114987
 0.45704226 0.42531834 0.44431529 0.45415772 0.42229731 0.45419284
 0.4634867 0.43185469 0.42888957 0.43238204 0.44394321 0.39528946
 0.43406045 0.44187488 0.38856002 0.46365407 0.40566305 0.43074864
 0.46218905 0.45352806 0.43211014 0.44801048 0.40413974 0.40732885
 0.41516564 0.40542664 0.42154309 0.41260999 0.40707604 0.43461423
 0.42411377 0.45603587 0.44753137 0.42149841 0.44859367 0.42832466
 0.45192453 0.4063722 0.43417458 0.44396083 0.41932923 0.39742531
 0.45203885 0.40602087 0.43896462 0.41781414 0.44305805 0.43413464
 0.43655565 0.41200787 0.40052006 0.42247613 0.43472315 0.42365404
 0.41100945 0.40204331 0.41187747 0.38335807 0.42009712 0.38788779
 0.38020095 0.39081031 0.37977687 0.39558031 0.4241858 0.36552035
 0.42705005 0.4439445 0.40113862 0.44321623 0.39568948 0.42660327
 0.41090657 0.39597914 0.39090955 0.41900976 0.4135297 0.44712498
 0.40269714 0.4142305 0.38891852 0.38442801 0.39498756 0.40486625
 0.41771346 0.41260195 0.42456551 0.43113617 0.43424904 0.38989022
 0.43658537 0.4505584 0.43864146 0.40646211 0.40173618 0.46338974
 0.40428248 0.41746875 0.44445501 0.43079657 0.43117206 0.39650123
 0.41548378 0.40790957 0.41278302 0.38479127 0.40478124 0.4153488
 0.4284971 0.4036778 0.42889609 0.42597322 0.40011099 0.41999571
 0.39915668 0.40298451 0.40672794 0.41956418 0.41304617 0.41468343
 0.3799693 0.40919307 0.3833538 0.40693807 0.40817364 0.4020054
 0.4230508 0.41574686 0.40727912 0.40376905 0.37988365 0.43340146
 0.38990972 0.39885667 0.39881217 0.4074322 0.38235589 0.42351813
 0.43299607 0.39064711 0.406504 0.39983051 0.42445383 0.41739121
 0.3796675 0.40637762 0.41078847 0.40435012 0.41928749 0.40179067
 0.42061533 0.41082183 0.41848419 0.41123696 0.38769932 0.38058584
 0.4334987 0.40873312 0.39701293 0.43422185 0.44071713 0.3987374
 0.42252363 0.43133271 0.40920745 0.39535215 0.40621051 0.44786536
 0.4082755 0.39504111 0.4296457 0.40997081 0.41532871 0.40782498
 0.41428112 0.38280636 0.38935199 0.41333381 0.41483099 0.40001084
 0.43121328 0.41146424 0.43336565 0.44613874 0.40067421 0.4058535
 0.42108215 0.40564102 0.40131999 0.38874086 0.3717014 0.39046302
 0.38901093 0.40693756 0.42127595 0.39419082 0.38809575 0.38098024
 0.40303695 0.4180503 0.38817589 0.41709431 0.38556144 0.39207967
 0.36950073 0.39752571 0.37855233 0.41146237 0.37304815 0.41034028
 0.39313799 0.36839703 0.3916584 0.4186486 0.39641069 0.40248824
 0.39900444 0.37020433 0.43061749 0.3837497 0.41545766 0.42431712
 0.39354721 0.39196192 0.38707442 0.3838378 0.37723615 0.38577824
 0.36772181 0.36978778 0.38453566 0.41149985 0.39744566 0.37111636
 0.36639807 0.39960912 0.38732527 0.39114698 0.39147111 0.40577972
 0.39155606 0.38714534 0.35740128 0.41188903 0.38678393 0.40425055
 0.39879742 0.39127447 0.40093907 0.40893036 0.37839365 0.39523858
 0.38272424 0.38029 0.38352634 0.40768069 0.38703931 0.37216982
 0.41121143 0.402688 0.35716185 0.377298 0.36367446 0.4091447
 0.37064075 0.39504067 0.38003742 0.36611367 0.41974332 0.40962735
 0.40419632 0.41736022 0.3907975 0.40682999 0.37242592 0.39517113
 0.37694492 0.39340547 0.36264273 0.36883919 0.38603492 0.38046779
 0.36721206 0.38489715 0.43588517 0.37569342 0.36732036 0.40675971
 0.41759945 0.40458123 0.37593185 0.39535701 0.38871021 0.39237668
 0.40637098 0.38166936 0.42106474 0.42354697 0.39043751 0.36392087
 0.39223924 0.39019798 0.35289849 0.41789413 0.39814896 0.38374784
 0.37875458 0.39753568 0.38810797 0.38643476 0.37098864 0.3755142
 0.35498099 0.38310498 0.37566022 0.34921379 0.40581027 0.39027017
 0.37574266 0.3959721 0.36208199 0.39036272 0.37042229 0.39838875
 0.40688279 0.37531173 0.41034213 0.38817257 0.39749696 0.39519684
 0.37254601 0.42121701 0.40961567 0.36281317 0.40326567 0.38741509
 0.36845169 0.37528011 0.38659832 0.3864083 0.40750222 0.40003138
 0.39102777 0.40307587 0.39126702 0.39624795 0.38998904 0.40696865
 0.3339076 0.37237186 0.40000134 0.38176346 0.35728987 0.39200941
 0.43327929 0.33641855 0.3676421 0.39511083 0.36213857 0.36769519
 0.37835298 0.3829768 0.38380201 0.3581264 0.36975777 0.34435752
 0.3821491 0.37968947 0.37567958 0.39171255 0.34986522 0.40211229
 0.39204629 0.35033577 0.3753048 0.42482935 0.38794051 0.38593106
 0.40719292 0.41825013 0.41698601 0.39224538 0.39385265 0.40813356
 0.36842802 0.37462927 0.3541625 0.37980767 0.44147126 0.40893423
 0.36950498 0.33214469 0.35462211 0.41239226 0.38807507 0.37193097
 0.34730327 0.37180317 0.35553979 0.38805717 0.36983694 0.38588253
 0.35343021 0.36852392 0.34729794 0.36209755 0.36132379 0.38155838
 0.41398703 0.39372376 0.39165971 0.37706846 0.39185475 0.37684621
 0.43426746 0.37490252 0.35401771 0.38566707 0.38212154 0.39635834
 0.3830135 0.38881569 0.35955047 0.37423289 0.36406674 0.38619298
 0.38534295 0.38421814 0.37852396 0.34059994 0.40458087 0.37283961
 0.38902136 0.39967026 0.38732912 0.36104626 0.39883085 0.38877956
 0.3461315 0.39013689 0.41706282 0.39128431 0.38342911 0.37456696
 0.38271462 0.38662312 0.388028 0.36767288 0.37810736 0.38860202
 0.34366838 0.40363545 0.39937652 0.34257315 0.37353423 0.37469251
 0.36353871 0.35761381 0.37264241 0.42098019 0.35763435 0.36560236
 0.37107025 0.39373058 0.38291078 0.35256698 0.40046689 0.37997936
 0.33202888 0.41221659 0.39464796 0.36660221 0.36515079 0.38044305
 0.38112078 0.37045396 0.36241416 0.3593452 0.33482784 0.39126145
 0.36930884 0.40316788 0.36552386 0.39399775 0.33374316 0.38292763
 0.31728739 0.37785151 0.35749707 0.36314176 0.33656286 0.36826178
 0.40106416 0.37811305 0.39578402 0.33525546 0.35622218 0.38514909
 0.37477629 0.3643795 0.35910154 0.34933696 0.33821756 0.39713709
 0.38294134 0.33940435 0.38330037 0.40342858 0.36581013 0.36568423
 0.35302677 0.37786417 0.39478071 0.37053089 0.38478613 0.40744089
 0.36372191 0.40527652 0.40351158 0.39665833 0.37176368 0.36079604
 0.36937537 0.33608783 0.3904336 0.38602016 0.38968512 0.37783413
 0.42367068 0.37541995 0.43371748 0.39029129 0.36793384 0.35764207
 0.3719118 0.37617068 0.38142583 0.33534185 0.3864939 0.36327513
 0.33798437 0.41886182 0.38220853 0.39855294 0.34000973 0.37982172
 0.35361962 0.4066099 0.34640192 0.40661809 0.38421478 0.40432083
 0.37526514 0.36007177 0.37100755 0.32517305 0.34295954 0.39810393
 0.38865543 0.40143941 0.3799799 0.40606456 0.40560239 0.40391852
 0.36928965 0.37915546 0.33409881 0.38029389 0.39416404 0.4103014
 0.39520971 0.37740835 0.40085761 0.33140964 0.41062854 0.38776546
 0.40033589 0.369088 0.37966342 0.36697139 0.39258118 0.36179238
 0.35872683 0.39132911 0.41170988 0.32390618 0.33421333 0.35165154
 0.40064687 0.31959823 0.34733541 0.37807456 0.39077048 0.3915862
 0.3860933 0.41478512 0.36375637 0.39742136 0.38536016 0.39346784
 0.38214833 0.33792688 0.410779 0.37126508 0.38917117 0.39720221
 0.36645625 0.37554771 0.37581455 0.36396768 0.39131106 0.3648653
 0.37349776 0.35183922 0.36323378 0.37196191 0.38065957 0.35754281
 0.34235569 0.40732684 0.3981869 0.40401931 0.37970413 0.43208787
 0.36995853 0.36624682 0.42331258 0.33693618 0.35689866 0.39074644
 0.38016693 0.37196866 0.36646521 0.34229128 0.37679974 0.366892
 0.37950567 0.33910626 0.41268481 0.35582173 0.34241875 0.38197839
 0.34636314 0.37669462 0.33985234 0.36304345 0.28586159 0.36371331
 0.36162697 0.32790844 0.42005947 0.32940966 0.35594503 0.382817
 0.35667182 0.39458083 0.30412635 0.36828084 0.35023992 0.34948542
 0.39156154 0.39158736 0.38906814 0.38097922 0.36152021 0.34983053
 0.41645328 0.3806262 0.36298696 0.38066252 0.38924677 0.39181906
 0.3571638 0.35397019 0.38280983 0.34576871 0.39830819 0.42077535
 0.36634609 0.4241609 0.40143068 0.3877839 0.34845578 0.36840576
 0.40552748 0.38852195 0.37814283 0.37189075 0.43301517 0.3288285
 0.41531964 0.38259864 0.35734123 0.38616739 0.31809684 0.4126576
 0.38025759 0.35954377 0.35997399 0.45968873 0.36027366 0.37396384
 0.35300473 0.38925513 0.35780417 0.34175416 0.36013105 0.33957829
 0.348931 0.38111877 0.36847475 0.38455381 0.34314137 0.36399526
 0.39417272 0.37614997 0.37053778 0.31755812 0.41153426 0.34888081
 0.41557635 0.39766903 0.4077476 0.32663084 0.35428976 0.39246725
 0.38677674 0.33983506 0.34957029 0.31329805 0.33449725 0.35705813
 0.38782637 0.37416144 0.39906486 0.32104752 0.31323427 0.38729491
 0.40181873 0.37101762 0.35433037 0.37119807 0.35369834 0.39983929
 0.39516474 0.33847824 0.31895757 0.41679592 0.34103004 0.38886164
 0.41866549 0.36364814 0.45207537 0.39720017 0.34842427 0.37642226
 0.41095542 0.40028338 0.37859319 0.3905645 0.41167192 0.36518385
 0.37305832 0.37416745 0.39596377 0.33448882 0.40101687 0.36900163
 0.36724904 0.35503645 0.34827738 0.35790547 0.42965661 0.36300343
 0.33494185 0.41115164 0.39481039 0.37088366 0.42614363 0.32688515
 0.37560997 0.3676453 0.35887413 0.36084151 0.37962025 0.3679403
 0.33801888 0.39606105 0.39128934 0.42113946 0.38250325 0.39049737
 0.37778887 0.36815099 0.36028229 0.38513819 0.38482051 0.41069098
 0.42349319 0.36102117 0.40253397 0.40640523 0.36743682 0.42300175
 0.34679481 0.36167457 0.38178098 0.37395256 0.35943865 0.41129476
 0.3646558 0.37724881 0.29166176 0.34734925 0.41381727 0.40086591
 0.35677052 0.41309588 0.38425521 0.34601508 0.39867052 0.37630869
 0.34645009 0.38239569 0.39865201 0.40270865 0.39107507 0.34314469
 0.40058673 0.3986179 0.40794666 0.38408242 0.36942515 0.40001509
 0.40673138 0.37284568 0.36089864 0.36118547 0.37197474 0.3781448
 0.33013306 0.34601794 0.35818626 0.38066305 0.36013475 0.40615187
 0.36732132 0.42365391 0.36753138 0.3271159 0.38404932 0.36418913
 0.34273583 0.3990446 0.36336556 0.34402201 0.35287711 0.35600683
 0.34902521 0.36101963 0.37161383 0.33081877