0.52838048 0.52270234 0.52938513 0.50567412 0.51626734 0.51173391
 0.52915052 0.53131634 0.54305199 0.51117482 0.53764086 0.54824451
 0.52238407 0.53844576 0.50989158 0.50236294 0.52677063 0.52429696
 0.53006987 0.51920713 0.5297793 0.52662063 0.5041944 0.52487124
 0.50243597 0.53339024 0.51666704 0.51436243 0.51926242 0.51051374
 0.51572829 0.52556915 0.52373024 0.52104333 0.48886183 0.52067514
 0.50414576 0.50239311 0.52424601 0.50689882 0.51925568 0.50669664
 0.50932345 0.50830937 0.50778108 0.51517894 0.50407723 0.51101058
 0.50233034 0.50993943 0.50753483 0.49444357 0.48904306 0.49830256
 0.49348795 0.48719514 0.50814002 0.5005056 0.51895442 0.50764494
 0.49667777 0.50067422 0.50162171 0.50029035 0.50331519 0.49665791
 0.49589483 0.4859154 0.4889675 0.50875277 0.51159462 0.49640641
 0.48621484 0.4956757 0.49521703 0.47797861 0.50770894 0.47853242
 0.49677419 0.46536611 0.49707633 0.47632509 0.47986964 0.48573971
 0.47870154 0.49414059 0.48254613 0.49101501 0.48282261 0.49335042
 0.473629 0.48673127 0.48062336 0.50063684 0.48513722 0.47575116
 0.49595064 0.46504317 0.48727942 0.49100965 0.4831236 0.47510042
 0.46073092 0.46267055 0.48475324 0.49638205 0.46358578 0.47441064
 0.45348684 0.4947162 0.47337129 0.48350573 0.46502741 0.49669308
 0.46507078 0.47417495 0.4501934 0.448353 0.45962742 0.46923466
 0.481402 0.45549915 0.49443526 0.49927332 0.46573313 0.46508601
 0.45981438 0.46105764 0.4653654 0.475843 0.47923347 0.48265573
 0.49975187 0.46263773 0.43317397 0.50663873 0.45448405 0.46870765
 0.47792379 0.45685171 0.44957942 0.45641663 0.45145803 0.4613038
 0.46267762 0.44766079 0.47008744 0.46645076 0.4429939 0.47925951
 0.45551697 0.45031645 0.45335477 0.45114003 0.46364719 0.44007359
 0.44092078 0.4456924 0.46902319 0.41247017 0.45254742 0.43055674
 0.45963248 0.43034614 0.44717473 0.43040865 0.44982348 0.43780804
 0.4367859 0.43735729 0.44733129 0.4193091 0.44871736 0.45059999
 0.45713354 0.41667317 0.45725239 0.4088376 0.45903544 0.42944263
 0.42818077 0.42893508 0.4459424 0.41495882 0.43454745 0.46108433
 0.42877381 0.41559023 0.43506227 0.40947636 0.39632847 0.45886666
 0.41875442 0.44578525 0.43828792 0.43260494 0.39002732 0.45753523
 0.42719741 0.41205734 0.40123097 0.42512957 0.46153193 0.43427708
 0.40404187 0.39701576 0.44251718 0.40972309 0.44721247 0.42614338
 0.43882328 0.3944098 0.439889 0.42259395 0.40031708 0.41291587
 0.4240062 0.41933841 0.42072138 0.40753949 0.41705914 0.43514479
 0.42378214 0.41684539 0.41730878 0.41584784 0.43271282 0.41134057
 0.39789221 0.44414631 0.41149029 0.40261929 0.40388249 0.40400482
 0.44267472 0.40588093 0.37230004 0.43012352 0.40337743 0.45875051
 0.40939043 0.41649554 0.40036658 0.42348039 0.38277379 0.40004747
 0.39029201 0.41268401 0.41777306 0.44062965 0.40954698 0.38982595
 0.40222198 0.42394062 0.40885745 0.42018422 0.41646589 0.42988657
 0.41803444 0.41892321 0.37329856 0.37810928 0.41758132 0.426079
 0.39568855 0.41839171 0.39511193 0.40913196 0.43166046 0.40975792
 0.41475268 0.42644612 0.41239802 0.39551228 0.41430813 0.42521124
 0.42938667 0.42015213 0.41212099 0.42727984 0.38507779 0.40237527
 0.43554834 0.40485089 0.41572681 0.40169468 0.38347302 0.38496934
 0.39144108 0.39365192 0.38586134 0.40055481 0.40722766 0.39859849
 0.40868569 0.40593057 0.40204732 0.40043784 0.42123043 0.41792398
 0.39044081 0.39920515 0.38113299 0.41695728 0.39053699 0.37885858
 0.38986372 0.40078507 0.39028382 0.39866237 0.38875772 0.39947939
 0.3968846 0.3756137 0.39914755 0.4199064 0.39630472 0.40409453
 0.40817458 0.37930642 0.38754091 0.3995913 0.40290817 0.39522514
 0.37749528 0.36163726 0.37466278 0.36310232 0.42077013 0.40470741
 0.39413657 0.40333306 0.3844612 0.41911183 0.40656275 0.35147078
 0.39451585 0.39123484 0.39629665 0.3809374 0.39165887 0.41154129
 0.3844293 0.37636188 0.40192571 0.38701326 0.39367861 0.39765952
 0.35281409 0.44040576 0.40565248 0.38799653 0.37176073 0.41113296
 0.40664571 0.36822493 0.39957074 0.3993665 0.40614165 0.35668177
 0.40064588 0.36587329 0.39013009 0.35766627 0.35611196 0.39489824
 0.39386724 0.33938168 0.41338187 0.39425039 0.36986775 0.36933058
 0.36233647 0.36271509 0.43530693 0.37195283 0.38842354 0.37955655
 0.38937631 0.3827616 0.3626595 0.38735943 0.4110194 0.39889728
 0.35137876 0.36282688 0.40948716 0.40002166 0.39669133 0.37992579
 0.39668287 0.37720312 0.36823753 0.39022286 0.34641977 0.37240521
 0.36695227 0.40766541 0.38897599 0.39858643 0.40348762 0.40440182
 0.3415255 0.37592265 0.40164545 0.39105023 0.38555945 0.4319268
 0.38536361 0.38930127 0.38435522 0.36903695 0.40872073 0.36521
 0.39482082 0.35700602 0.39344994 0.37235659 0.40032208 0.40948844
 0.36980104 0.37382152 0.36958249 0.38555389 0.38645039 0.39843838
 0.3632293 0.40165966 0.36551929 0.37456352 0.38314657 0.35601055
 0.3635829 0.38189226 0.36451702 0.36292242 0.40091651 0.39415433
 0.37048348 0.38936836 0.37758629 0.44188032 0.42251767 0.35287541
 0.40129601 0.38623431 0.36771377 0.37533196 0.36054289 0.39022122
 0.42282746 0.37671314 0.35895238 0.3504584 0.35636815 0.38997051
 0.39283581 0.38481418 0.3713278 0.40547476 0.37317237 0.38748103
 0.37090163 0.35560007 0.39923826 0.37101106 0.39723593 0.3698321
 0.38159493 0.41337961 0.36267696 0.38185701 0.39755982 0.32342919
 0.37404174 0.38190669 0.39670593 0.37426299 0.37685322 0.38551959
 0.38646995 0.37789328 0.36219981 0.39688823 0.35441213 0.38288375
 0.37643393 0.40086337 0.38177868 0.36363873 0.3761034 0.37094533
 0.41841074 0.39406568 0.37265302 0.37541684 0.37443217 0.33859703
 0.36220462 0.36833818 0.36504306 0.38605095 0.39405598 0.37725605
 0.38653271 0.32642672 0.38982529 0.37181844 0.38043742 0.42267354
 0.38059798 0.38769061 0.38148647 0.32877712 0.37556489 0.35342595
 0.36631894 0.36022845 0.40508259 0.34159642 0.3392015 0.33736018
 0.36508392 0.37141602 0.40394294 0.39118178 0.35970074 0.38668029
 0.41397988 0.39218618 0.3662836 0.40219618 0.39789287 0.40791483
 0.36257334 0.37914927 0.37251229 0.36450959 0.36933803 0.39204743
 0.37711831 0.35718691 0.36511414 0.36303051 0.35021179 0.37895684
 0.37335963 0.34807067 0.37244044 0.38090445 0.35303097 0.35491258
 0.38409036 0.42956239 0.38949382 0.36308494 0.36605942 0.38391649
 0.32619441 0.38707633 0.38203272 0.37446568 0.41161562 0.4006267
 0.36676703 0.39518384 0.35526045 0.38159029 0.3369912 0.35473271
 0.34554269 0.36864897 0.41311115 0.35636319 0.35020054 0.40461715
 0.37973108 0.41345946 0.41775353 0.35833185 0.36206017 0.36110162
 0.35722497 0.36189535 0.39760542 0.36552339 0.34588019 0.3530391
 0.37363944 0.37910067 0.40053253 0.3956775 0.39676065 0.38095788
 0.39307911 0.36547987 0.34769659 0.3760108 0.39163151 0.39230489
 0.40019695 0.38518937 0.3866108 0.38240565 0.42257795 0.37591307
 0.38338102 0.38463489 0.34856288 0.42262714 0.35777784 0.3989885
 0.38176759 0.36871935 0.36300652 0.40104972 0.39934837 0.3709311
 0.38021232 0.34383943 0.35304382 0.37280859 0.39207664 0.40832921
 0.37652086 0.41552447 0.37407642 0.4145495 0.39246196 0.34828799
 0.34930505 0.32186969 0.34651302 0.3818985 0.39362181 0.35536331
 0.37506201 0.3862676 0.40821968 0.40324364 0.4540651 0.33097945
 0.33678748 0.37225485 0.38050709 0.38680228 0.38734594 0.3819411
 0.36000168 0.3395267 0.41595357 0.37335162 0.35523085 0.41637435
 0.42348969 0.41146881 0.4040271 0.36407791 0.32968358 0.38573165
 0.36689784 0.35561202 0.43257012 0.41486175 0.36728829 0.34126082
 0.38424942 0.33691253 0.39389401 0.38366478 0.34378336 0.3706133
 0.35184491 0.35166679 0.3812637 0.37717007 0.36190249 0.38578818
 0.31095 0.29270287 0.37605937 0.37958172 0.33021955 0.37712636
 0.39128035 0.33567869 0.33794482 0.32770865 0.35783547 0.38821077
 0.36022759 0.38400143 0.37215129 0.34266135 0.37951407 0.40543278
 0.38811575 0.2951594 0.35854637 0.39436522 0.33836114 0.36809366
 0.39406222 0.34140239 0.36816107 0.36623469 0.40318566 0.37086616
 0.38046022 0.39186021 0.40295794 0.35463479 0.3818501 0.33980688
 0.43477845 0.3566739 0.36787206 0.317633 0.38968122 0.35439365
 0.38301561 0.33644711 0.42456645 0.35141676 0.40428412 0.39518002
 0.36368155 0.43154441 0.35305661 0.42463678 0.35181248 0.39809019
 0.35930237 0.38235275 0.39858864 0.35155773 0.35641374 0.33439809
 0.36374892 0.36621329 0.35143363 0.42297482 0.39213142 0.38730761
 0.34498072 0.35272709 0.37659599 0.37106492 0.36627749 0.39509123
 0.3702457 0.38221498 0.35507257 0.38063816 0.41802915 0.31113608
 0.35806275 0.34514347 0.39742374 0.36540811 0.34352614 0.34224174
 0.37326871 0.3362223 0.39579098 0.33572197 0.37068631 0.36231731
 0.33698145 0.39949996 0.41146304 0.38489209 0.35688351 0.41641929
 0.35812132 0.41630858 0.43617485 0.39653496 0.389468 0.35642482
 0.38907352 0.36181654 0.31953668 0.38614149 0.34230329 0.38023231
 0.36922545 0.32308796 0.38172717 0.41828513 0.34664782 0.36428285
 0.41127367 0.42814636 0.33882409 0.40200904 0.40828613 0.34924472
 0.38309568 0.38747752 0.37216528 0.34962479 0.34950064 0.38721466
 0.29493527 0.34391101 0.35083045 0.37781989 0.35782429 0.29904684
 0.39938643 0.41821135 0.37570056 0.36906585 0.36366628 0.36695321
 0.29696596 0.31965829 0.37673415 0.38132019 0.35840171 0.38798503
 0.37631553 0.41391246 0.3618529 0.39717004 0.37950256 0.36016544
 0.4139747 0.39305875 0.3703424 0.38329381 0.38232443 0.37578683
 0.35979399 0.33866506 0.33172538 0.3919699 0.37698824 0.31403531
 0.39674786 0.35597313 0.35091437 0.41582235 0.35876282 0.384111
 0.37215912 0.4400272 0.44974373 0.32967247 0.36865599 0.375428
 0.36900446 0.3983826 0.34958222 0.34523047 0.37286076 0.39683107
 0.33637413 0.35869033 0.3724514 0.31247076 0.35902709 0.37646588
 0.36937963 0.36972219 0.39762849 0.42398871 0.35804822 0.37843245
 0.34217747 0.37325526 0.41147927 0.36052156 0.32240132 0.35997101
 0.40833045 0.38663016 0.38991204 0.34946572 0.33976048 0.37221852
 0.43257218 0.35614924 0.34754607 0.3820388 0.32480363 0.34125785
 0.35178144 0.37963066 0.35437838 0.42273585 0.41512778 0.39599688
 0.37949349 0.41209953 0.38368328 0.40058599 0.35162456 0.36336268
 0.3390158 0.41218518 0.35626581 0.37633195 0.33699979 0.31879589
 0.34754534 0.39936144 0.34191789 0.36058314 0.35480867 0.38515389
 0.39269503 0.34243696 0.35144722 0.30814007 0.4098474 0.37066854
 0.36485646 0.41716016 0.38812766 0.34297114 0.35749126 0.37438623
 0.40331003 0.396831 0.348808 0.40866835 0.40678597 0.33823453
 0.3603691 0.40415701 0.40919304 0.36163213 0.34178307 0.42823272
 0.37131995 0.34783372 0.3013602 0.37840105 0.31798928 0.38620765
 0.38850187 0.37108369 0.34363244 0.35481843 0.31826347 0.34904476
 0.30319308 0.40440157 0.32166863 0.38292017 0.35655317 0.34372017
 0.39084012 0.39201886 0.3556294 0.39422854 0.33689444 0.38419528
 0.34516097 0.41846735 0.35576962 0.38156967 0.34510775 0.35024778
 0.3441762 0.35884276 0.38970288 0.39873212 0.34071534 0.3797381
 0.41905395 0.4423006 0.34677786 0.39005784 0.3667574 0.42391416
 0.36005179 0.4253748 0.40823096 0.39388109 0.36291721 0.38943668
 0.36576569 0.43524482 0.36928381 0.36971882 0.37096229 0.34875408
 0.41765959 0.37539252 0.35745933 0.38151638 0.40289145 0.39867487
 0.34272835 0.32356159 0.39771545 0.37657933