0.50203125 0.51503906 0.49160156 0.45464844 0.48328125 0.49863281
 0.48550781 0.49648437 0.46859375 0.41855469 0.50015625 0.49136719
 0.47539063 0.48617187 0.50140625 0.43730469 0.488125 0.49421875
 0.50148437 0.49144531 0.49261719 0.46835938 0.49546875 0.523125
 0.5025 0.50570313 0.453125 0.49769531 0.48257813 0.48597656
 0.48019531 0.48511719 0.50460938 0.49640625 0.4740625 0.50476562
 0.53382812 0.47671875 0.47332031 0.481875 0.45625 0.51660156
 0.51484375 0.48664062 0.49457031 0.47964844 0.49210938 0.47453125
 0.476875 0.4971875 0.48109375 0.50554687 0.51488281 0.49402344
 0.48804687 0.47375 0.4815625 0.50164062 0.49332031 0.49375
 0.461875 0.49480469 0.50171875 0.50375 0.45988281 0.49328125
 0.47773437 0.49492188 0.47507813 0.48535156 0.506875 0.49613281
 0.46066406 0.50042969 0.49460938 0.48351563 0.49667969 0.47769531
 0.51941406 0.5109375 0.48957031 0.48128906 0.50984375 0.48367187
 0.469375 0.46511719 0.5078125 0.51996094 0.53375 0.47503906
 0.50878906 0.48980469 0.5278125 0.4865625 0.50511719 0.473125
 0.50800781 0.51429687 0.50652344 0.50335938 0.51460938 0.48964844
 0.48914062 0.49414062 0.49964844 0.50507813 0.49984375 0.50148437
 0.46171875 0.50535156 0.48203125 0.50277344 0.49132813 0.51261719
 0.46089844 0.49621094 0.46921875 0.48660156 0.48222656 0.50753906
 0.48515625 0.49535156 0.46890625 0.49867187 0.52347656 0.51976563
 0.49382813 0.47742187 0.48761719 0.46605469 0.50042969 0.51
 0.48816406 0.47074219 0.50757812 0.50195312 0.48003906 0.4809375
 0.49640625 0.46335938 0.50523438 0.53484375 0.48378906 0.47300781
 0.47628906 0.45996094 0.50386719 0.48996094 0.50308594 0.50410156
 0.53054687 0.51160156 0.46789063 0.46765625 0.50648437 0.48097656
 0.50839844 0.50277344 0.49140625 0.48390625 0.50507813 0.48386719
 0.48433594 0.49078125 0.55953125 0.4871875 0.49527344 0.52417969
 0.47117188 0.4509375 0.50679688 0.48816406 0.48671875 0.49085937
 0.49261719 0.47753906 0.50574219 0.485 0.47140625 0.49777344
 0.50292969 0.46613281 0.50054687 0.48757812 0.47164062 0.46832031
 0.51753906 0.49941406 0.47773437 0.48503906 0.5125 0.50140625
 0.52542969 0.49335937 0.47902344 0.51261719 0.49617187 0.47367188
 0.47078125 0.47492187 0.46941406 0.48261719 0.4996875 0.49367187
 0.5103125 0.51078125 0.51488281 0.48976562 0.4834375 0.46222656
 0.49078125 0.49109375 0.49355469 0.48 0.478125 0.51667969
 0.48039063 0.50261719 0.51648437 0.47824219 0.5028125 0.525625
 0.51304688 0.47023437 0.50285156 0.48402344 0.47070312 0.51296875
 0.52222656 0.47089844 0.49402344 0.47214844 0.5240625 0.48464844
 0.48789063 0.46722656 0.51382812 0.48101563 0.49394531 0.48855469
 0.49675781 0.49675781 0.5046875 0.48578125 0.46996094 0.48144531
 0.49722656 0.48664062 0.52082031 0.50949219 0.52304688 0.49851563
 0.46867188 0.45777344 0.4825 0.47785156 0.488125 0.53925781
 0.47398438 0.47613281 0.48691406 0.48050781 0.52042969 0.49796875
 0.49601563 0.54121094 0.49949219 0.51054687 0.51121094 0.49296875
 0.50390625 0.50707031 0.52292969 0.48996094 0.47195312 0.48984375
 0.54871094 0.47609375 0.469375 0.50429687 0.50683594 0.49578125
 0.47476563 0.48128906 0.46640625 0.50101562 0.49820313 0.51480469
 0.48875 0.51660156 0.49839844 0.49453125 0.50738281 0.47742187
 0.47511719 0.51089844 0.48980469 0.49300781 0.46914062 0.47921875
 0.49921875 0.49398437 0.51433594 0.48773437 0.481875 0.48421875
 0.49253906 0.50347656 0.511875 0.51292969 0.48273437 0.47113281
 0.49769531 0.47847656 0.48355469 0.486875 0.47675781 0.50335938
 0.50597656 0.49125 0.54539063 0.48015625 0.49324219 0.48964844
 0.50035156 0.51789063 0.51261719 0.51714844 0.4984375 0.45464844
 0.50417969 0.45050781 0.47769531 0.49351563 0.49945312 0.48121094
 0.51949219 0.49648437 0.50511719 0.501875 0.49929687 0.51152344
 0.44859375 0.49925781 0.48664062 0.44132813 0.51949219 0.47082031
 0.47535156 0.48855469 0.4659375 0.491875 0.53121094 0.49355469
 0.50449219 0.45625 0.48886719 0.48003906 0.51085938 0.50847656
 0.478125 0.48230469 0.49496094 0.47253906 0.47960938 0.48691406
 0.47203125 0.50179688 0.49992188 0.47386719 0.46613281 0.4909375
 0.51027344 0.48453125 0.48894531 0.4775 0.50957031 0.5034375
 0.51078125 0.475 0.49152344 0.49726562 0.53421875 0.53601562
 0.47765625 0.51839844 0.47382812 0.52234375 0.483125 0.51425781
 0.48105469 0.48433594 0.49800781 0.49125 0.48808594 0.48328125
 0.47757813 0.48566406 0.51289063 0.52363281 0.468125 0.51898438
 0.47417969 0.48113281 0.46117188 0.50125 0.50425781 0.473125
 0.48867187 0.50023438 0.50203125 0.47832031 0.48011719 0.47636719
 0.49960938 0.488125 0.49761719 0.51632813 0.4946875 0.45621094
 0.49386719 0.47675781 0.46707031 0.48445312 0.49328125 0.49902344
 0.5153125 0.480625 0.49671875 0.50429687 0.48699219 0.47027344
 0.48546875 0.471875 0.49246094 0.479375 0.49433594 0.50207031
 0.49980469 0.4509375 0.52140625 0.47539063 0.48441406 0.52070313
 0.50914063 0.4965625 0.48105469 0.46507813 0.50394531 0.52847656
 0.49898437 0.49308594 0.46433594 0.5303125 0.54628906 0.50050781
 0.50796875 0.51636719 0.48117188 0.50894531 0.49703125 0.52125
 0.49132813 0.50027344 0.46617188 0.50527344 0.48207031 0.49628906
 0.50625 0.5 0.50347656 0.49570313 0.52878906 0.47304687
 0.50898438 0.46839844 0.4946875 0.49558594 0.46328125 0.48039063
 0.49933594 0.47992187 0.48054687 0.48265625 0.46984375 0.4859375
 0.49664063 0.49808594 0.50265625 0.51023438 0.49015625 0.48949219
 0.4996875 0.50429687 0.49601563 0.50464844 0.48144531 0.50492187
 0.53597656 0.49988281 0.4925 0.49828125 0.49660156 0.43511719
 0.50746094 0.475 0.465625 0.49175781 0.51261719 0.46648438
 0.49867187 0.53152344 0.46453125 0.49304687 0.48476562 0.50929687
 0.47660156 0.47953125 0.4734375 0.4875 0.48992188 0.49359375
 0.52609375 0.45855469 0.46875 0.50339844 0.4715625 0.49257812
 0.49394531 0.48847656 0.50339844 0.53355469 0.50601562 0.51679688
 0.49421875 0.50050781 0.51152344 0.46382812 0.47390625 0.49226562
 0.4971875 0.50542969 0.51300781 0.47246094 0.5065625 0.52128906
 0.49136719 0.48214844 0.4746875 0.5221875 0.49953125 0.4853125
 0.48546875 0.46601562 0.4740625 0.53300781 0.51179688 0.49632813
 0.46371094 0.52164062 0.4725 0.49683594 0.48367187 0.50855469
 0.48761719 0.52296875 0.47066406 0.47789063 0.50480469 0.50269531
 0.48753906 0.50835937 0.48953125 0.49621094 0.51382812 0.4875
 0.46144531 0.51363281 0.48160156 0.45910156 0.48457031 0.49375
 0.49167969 0.498125 0.48164062 0.48203125 0.52683594 0.51542969
 0.48921875 0.50304688 0.47628906 0.52253906 0.49945312 0.49863281
 0.47441406 0.5234375 0.46429687 0.485 0.50734375 0.47515625
 0.48800781 0.50953125 0.49332031 0.50339844 0.47175781 0.5115625
 0.50265625 0.505 0.51332031 0.47363281 0.49605469 0.48671875
 0.46257813 0.49652344 0.47171875 0.51128906 0.5109375 0.50089844
 0.46550781 0.47246094 0.48539063 0.48402344 0.46691406 0.49441406
 0.49625 0.49402344 0.44550781 0.52398437 0.5165625 0.52617187
 0.46011719 0.50007813 0.50601562 0.47039063 0.48527344 0.48109375
 0.47140625 0.51222656 0.51570313 0.48871094 0.50117188 0.44390625
 0.51128906 0.4953125 0.42757812 0.50644531 0.4740625 0.49539062
 0.45121094 0.48765625 0.47359375 0.47398438 0.48714844 0.50804688
 0.5134375 0.47816406 0.49171875 0.49785156 0.48316406 0.48453125
 0.468125 0.51667969 0.4784375 0.48457031 0.4878125 0.48777344
 0.52765625 0.49589844 0.48226562 0.47679688 0.49921875 0.47648438
 0.49066406 0.48222656 0.43835937 0.47554687 0.51109375 0.474375
 0.48660156 0.49570313 0.44179687 0.47492187 0.47996094 0.4921875
 0.4821875 0.4753125 0.49765625 0.49804688 0.49058594 0.50917969
 0.49878906 0.51617187 0.47109375 0.51058594 0.5165625 0.49613281
 0.50425781 0.4921875 0.50707031 0.50644531 0.45558594 0.49167969
 0.49566406 0.50371094 0.50128906 0.48117188 0.47984375 0.49902344
 0.4778125 0.51507813 0.50949219 0.50160156 0.5 0.49964844
 0.480625 0.49488281 0.5171875 0.49113281 0.49726562 0.50417969
 0.46664062 0.50707031 0.54007812 0.48667969 0.51628906 0.50890625
 0.49082031 0.4859375 0.46699219 0.50839844 0.51191406 0.4853125
 0.48890625 0.46015625 0.51609375 0.49695312 0.46328125 0.48585937
 0.48289063 0.50207031 0.50542969 0.50644531 0.4915625 0.50476562
 0.523125 0.46496094 0.51929687 0.49 0.47746094 0.50664062
 0.475625 0.51457031 0.48117188 0.47832031 0.50664062 0.48332031
 0.51519531 0.48332031 0.50132813 0.50285156 0.504375 0.506875
 0.49617187 0.46851562 0.4896875 0.51539062 0.47375 0.44996094
 0.49074219 0.49171875 0.50585938 0.45964844 0.50304688 0.52339844
 0.51601562 0.49460938 0.48207031 0.51992187 0.51105469 0.54195313
 0.49363281 0.48917969 0.51472656 0.47921875 0.50003906 0.46425781
 0.50550781 0.48253906 0.48601563 0.48335937 0.47941406 0.52648438
 0.47832031 0.49382813 0.47582031 0.47335938 0.48648438 0.50769531
 0.50183594 0.45605469 0.50855469 0.48140625 0.48804687 0.48890625
 0.53503906 0.48214844 0.496875 0.49578125 0.49753906 0.50964844
 0.50511719 0.47601562 0.48191406 0.46804687 0.47996094 0.50574219
 0.4775 0.49589844 0.48960938 0.49371094 0.46808594 0.51125
 0.50707031 0.5259375 0.50667969 0.50644531 0.51035156 0.4953125
 0.47605469 0.47425781 0.46753906 0.43753906 0.46875 0.48105469
 0.48875 0.46804687 0.51484375 0.46507813 0.52621094 0.50578125
 0.49816406 0.51230469 0.47613281 0.47800781 0.47667969 0.48863281
 0.51148437 0.48078125 0.50355469 0.51898438 0.53617187 0.46339844
 0.50449219 0.49097656 0.50878906 0.49257812 0.49484375 0.46097656
 0.48933594 0.47894531 0.48058594 0.49972656 0.48363281 0.48457031
 0.47496094 0.43710938 0.47976562 0.5028125 0.49832031 0.46125
 0.49582031 0.48890625 0.5125 0.47203125 0.47890625 0.45914063
 0.50773437 0.45808594 0.4678125 0.51574219 0.51433594 0.514375
 0.503125 0.47128906 0.49042969 0.47109375 0.50101562 0.48851563
 0.45390625 0.49015625 0.50574219 0.49878906 0.50640625 0.47179688
 0.50492187 0.51390625 0.47140625 0.4903125 0.50285156 0.49933594
 0.48550781 0.51675781 0.48582031 0.51042969 0.48402344 0.49496094
 0.49058594 0.51632813 0.51097656 0.53023438 0.50683594 0.481875
 0.5084375 0.45726563 0.4659375 0.51175781 0.43542969 0.48847656
 0.46074219 0.47195312 0.50316406 0.4953125 0.50476562 0.48828125
 0.50375 0.4984375 0.47324219 0.50460938 0.48453125 0.46929688
 0.49246094 0.51335937 0.46535156 0.48394531 0.49597656 0.46503906
 0.48515625 0.48222656 0.47175781 0.4871875 0.52246094 0.49703125
 0.50546875 0.48070313 0.48355469 0.47597656 0.51652344 0.50703125
 0.51003906 0.49839844 0.49066406 0.47675781 0.47191406 0.45828125
 0.489375 0.48179688 0.52625 0.47503906 0.46703125 0.54457031
 0.49613281 0.48234375 0.49371094 0.51699219 0.4921875 0.48277344
 0.48535156 0.51480469 0.50808594 0.47242187 0.48808594 0.47867188
 0.50398438 0.50589844 0.50730469 0.4975 0.48277344 0.49015625
 0.49335937 0.49082031 0.49761719 0.53644531 0.49210938 0.49222656
 0.46285156 0.50453125 0.481875 0.51160156 0.43199219 0.49324219
 0.50480469 0.495625 0.4809375 0.46914062 0.48414062 0.5028125
 0.4628125 0.53753906 0.47632812 0.50167969 0.50757812 0.51421875 0.49914063 0.50511719 0.47285156 0.481875
 0.48964844 0.51597656 0.51148437 0.4846875 0.47042969 0.49789062
 0.52253906 0.46816406 0.489375 0.49398437 0.49609375 0.48808594
 0.484375 0.49523438 0.49789062 0.54375 0.50371094 0.49070313
 0.48378906 0.48707031 0.476875 0.51296875 0.53257813 0.5140625
 0.50121094 0.46824219 0.49277344 0.50515625 0.50886719 0.48164062
 0.48332031 0.49285156 0.483125 0.45488281 0.50363281 0.49253906
 0.50085937 0.48433594 0.47195312 0.48332031 0.48160156 0.47347656
 0.4859375 0.48484375 0.48886719 0.48777344 0.50554687 0.48710938
 0.50140625 0.49347656 0.4640625 0.47640625 0.48289063 0.49832031
 0.55359375 0.47769531 0.481875 0.48933594 0.48609375 0.48363281
 0.51125 0.4846875 0.47648438 0.51320312 0.50800781 0.47640625
 0.50015625 0.51824219 0.50878906 0.51347656 0.48554687 0.47320313
 0.498125 0.51464844 0.50980469 0.48589844 0.49296875 0.49925781
 0.49988281 0.4965625 0.50105469 0.48378906 0.48609375 0.4915625
 0.50921875 0.51246094 0.50503906 0.48933594 0.49628906 0.5090625
 0.49042969 0.52726562 0.47988281 0.48273437 0.50683594 0.49328125
 0.49886719 0.47144531 0.47832031 0.49300781 0.49402344 0.49886719
 0.48082031 0.49398437 0.47664062 0.48007813 0.48265625 0.50761719
 0.48320313 0.4559375 0.50175781 0.49140625 0.46734375 0.48011719
 0.50726563 0.4821875 0.47050781 0.46582031 0.49738281 0.52203125
 0.50457031 0.48949219 0.47652344 0.47773437 0.49386719 0.50300781
 0.47492187 0.48859375 0.4709375 0.488125 0.48089844 0.49085937
 0.53496094 0.49738281 0.47023437 0.52496094 0.49382813 0.49707031
 0.48082031 0.49902344 0.4865625 0.48828125 0.5203125 0.47675781
 0.49246094 0.49285156 0.49894531 0.50660156 0.48476562 0.5028125
 0.48832031 0.48875 0.51269531 0.47398438 0.49902344 0.49050781
 0.49132813 0.49667969 0.48425781 0.50621094 0.4984375 0.48160156
 0.48355469 0.50421875 0.48851563 0.50863281 0.47300781 0.46421875
 0.47699219 0.51789063 0.49613281 0.51039062 0.49933594 0.49128906
 0.51503906 0.4909375 0.496875 0.5046875 0.52042969 0.5334375
 0.48078125 0.49332031 0.49339844 0.49910156 0.49707031 0.50828125
 0.49683594 0.47878906 0.49621094 0.51 0.49636719 0.50707031
 0.50667969 0.48394531 0.49121094 0.52386719 0.48667969 0.47273437
 0.48777344 0.51460938 0.46871094 0.46300781 0.52226562 0.49597656
 0.51640625 0.46792969 0.47300781 0.49402344 0.489375 0.47804687
 0.48808594 0.4803125 0.47621094 0.48386719 0.51769531 0.46320312
 0.49890625 0.49007812 0.47230469 0.47574219 0.47269531 0.51863281
 0.48253906 0.48808594 0.48730469 0.51117188 0.51511719 0.4775
 0.50355469 0.48613281 0.50148437 0.50191406 0.48003906 0.485
 0.47601562 0.51695313 0.523125 0.50695313 0.4725 0.50070313
 0.47972656 0.50457031 0.48347656 0.51109375 0.49140625 0.48925781
 0.48632812 0.47972656 0.48125 0.51128906 0.46992187 0.47746094
 0.49941406 0.49113281 0.50207031 0.51050781 0.49875 0.47386719
 0.48027344 0.47960938 0.49140625 0.50398438 0.5165625 0.49902344
 0.48222656 0.4734375 0.48769531 0.48164062 0.505 0.48320313
 0.52863281 0.48214844 0.49890625 0.49445312 0.50625 0.46882812
 0.50570313 0.51851563 0.47355469 0.51125 0.53167969 0.52804688
 0.49804688 0.46507813 0.51078125 0.44636719 0.49386719 0.51007813
 0.53207031 0.49347656 0.49960938 0.49933594 0.50539062 0.52351563
 0.49804688 0.49710938 0.49296875 0.50035156 0.48898438 0.48730469
 0.50722656 0.49265625 0.49046875 0.49632813 0.48113281 0.48398438
 0.48773437 0.48121094 0.48894531 0.51414063 0.48992188 0.49472656
 0.49523438 0.48476562 0.49550781 0.4534375 0.45460937 0.47339844
 0.4996875 0.50082031 0.4853125 0.49039063 0.50769531 0.47175781
 0.45851562 0.485 0.475 0.4803125 0.50148437 0.50496094
 0.51648437 0.48820313 0.5153125 0.495625 0.51191406 0.4603125
 0.47253906 0.51222656 0.5109375 0.50429687 0.49339844 0.49671875
 0.52191406 0.49066406 0.4796875 0.47039063 0.47660156 0.49941406
 0.48589844 0.49148437 0.48148438 0.50960938 0.52691406 0.48859375
 0.51867188 0.50269531 0.49957031 0.49863281 0.50511719 0.50011719
 0.49105469 0.48527344 0.49347656 0.48523437 0.45921875 0.47027344
 0.51277344 0.49214844 0.49382813 0.51480469 0.49664063 0.47917969
 0.50269531 0.495 0.49230469 0.48960938 0.51058594 0.49128906
 0.488125 0.49414062 0.46503906 0.46277344 0.49816406 0.47316406
 0.50914063 0.49085937 0.48847656 0.5090625 0.53636719 0.50152344
 0.49175781 0.48757812 0.49621094 0.47191406 0.47617188 0.50757812
 0.4975 0.49265625 0.52003906 0.47339844 0.49851563 0.49429688
 0.50660156 0.50503906 0.50546875 0.51699219 0.47742187 0.46304688
 0.51566406 0.51902344 0.47492187 0.49597656 0.4965625 0.4915625
 0.48753906 0.51738281 0.51207031 0.48652344 0.46355469 0.50167969
 0.50453125 0.47914062 0.5153125 0.46335938 0.49851563 0.47503906
 0.46320312 0.50960938 0.51152344 0.4740625 0.50089844 0.52621094
 0.48597656 0.51316406 0.47527344 0.51910156 0.49570313 0.48933594
 0.48945312 0.48050781 0.48078125 0.47519531 0.50003906 0.51816406
 0.50277344 0.48148438 0.45808594 0.49523438 0.50191406 0.49707031
 0.49214844 0.50535156 0.48410156 0.50714844 0.46613281 0.48996094
 0.50332031 0.51695313 0.48976562 0.46253906 0.49113281 0.50929687
 0.48714844 0.47464844 0.45109375 0.46410156 0.49765625 0.49621094
 0.47875 0.48847656 0.49742188 0.49648437 0.47511719 0.50480469
 0.4884375 0.4765625 0.51070313 0.48058594 0.49195312 0.47777344
 0.45253906 0.48636719 0.47535156 0.49804688 0.47960938 0.51179688
 0.47480469 0.48027344 0.49527344 0.5046875 0.51953125 0.49273438
 0.52269531 0.4953125 0.48765625 0.484375 0.49347656 0.50527344
 0.49320313 0.49398437 0.48550781 0.50003906 0.47101562 0.50292969
 0.48351563 0.48640625 0.45902344 0.51222656 0.49785156 0.47042969
 0.47917969 0.50113281 0.50515625 0.47351562 0.47316406 0.50058594
 0.48988281 0.47832031 0.485 0.50277344 0.48949219 0.47878906
 0.49351563 0.48992188 0.47691406 0.48707031 0.49316406 0.49925781
 0.4796875 0.49214844 0.48476562 0.50363281 0.47277344 0.47554687
 0.49691406 0.48574219 0.50542969 0.50664062 0.50769531 0.50019531
 0.50667969 0.4859375 0.47691406 0.46992187 0.50238281 0.49214844
 0.50777344 0.49070313 0.50292969 0.54730469 0.48210938 0.49914063
 0.49761719 0.49003906 0.51179688 0.48496094 0.50402344 0.50085937
 0.49308594 0.51011719 0.4946875 0.48804687 0.48417969 0.48578125
 0.48164062 0.49464844 0.50421875 0.50417969 0.50125 0.52070313
 0.51902344 0.51117188 0.48710938 0.50308594 0.49417969 0.46375
 0.504375 0.51414063 0.50449219 0.45324219 0.52421875 0.47269531
 0.50171875 0.46875 0.50203125 0.48289063 0.48332031 0.495
 0.48785156 0.48097656 0.49449219 0.4953125 0.50210937 0.49324219
 0.48433594 0.50605469 0.49921875 0.49972656 0.52324219 0.49664063
 0.49621094 0.51875 0.49992188 0.48378906 0.50863281 0.49664063
 0.50371094 0.49859375 0.49007812 0.50816406 0.48039063 0.51242188
 0.50234375 0.485625 0.50714844 0.50230469 0.50203125 0.47816406
 0.47929688 0.48636719 0.46878906 0.48617187 0.48386719 0.47507813
 0.46914062 0.49875 0.47179688 0.47535156 0.51039062 0.48621094
 0.50273437 0.50554687 0.48414062 0.47054687 0.48519531 0.48996094
 0.47179688 0.48839844 0.48320313 0.48195312 0.496875 0.49707031
 0.49976562 0.4978125 0.48101563 0.48808594 0.49207031 0.49550781
 0.46996094 0.50492187 0.47492187 0.5021875 0.51730469 0.47546875
 0.49726562 0.4646875 0.50421875 0.47304687 0.50109375 0.463125
 0.48832031 0.50699219 0.49558594 0.46820312 0.50074219 0.48980469
 0.48054687 0.50726563 0.4853125 0.48925781 0.46859375 0.48023437
 0.49351563 0.50078125 0.50222656 0.49730469 0.47324219 0.50339844
 0.46214844 0.48214844 0.48613281 0.49660156 0.47714844 0.48230469
 0.50105469 0.50035156 0.46066406 0.53140625 0.47890625 0.50257812
 0.50234375 0.47449219 0.46785156 0.47773437 0.50445312 0.48253906
 0.48910156 0.49457031 0.52480469 0.49320313 0.46019531 0.48855469
 0.49996094 0.52007812 0.46515625 0.51035156 0.48324219 0.50488281
 0.5003125 0.48429688 0.48363281 0.49503906 0.48472656 0.52027344
 0.49808594 0.46015625 0.51527344 0.50152344 0.52671875 0.48863281
 0.51863281 0.49582031 0.48359375 0.47074219 0.48417969 0.49472656
 0.48789063 0.47628906 0.48390625 0.50757812 0.501875 0.51179688
 0.47148438 0.50527344 0.49800781 0.49953125 0.48652344 0.47363281
 0.50136719 0.50265625 0.46738281 0.50039062 0.49148437 0.47582031
 0.48121094 0.47628906 0.4771875 0.51625 0.48035156 0.46394531
 0.50125 0.51835937 0.51050781 0.4965625 0.48773437 0.49460938
 0.49539062 0.49101563 0.49292969 0.50347656 0.50398438 0.49828125
 0.49632813 0.50203125 0.49328125 0.48054687 0.49609375 0.4978125
 0.50316406 0.501875 0.50957031 0.48890625 0.47679688 0.48238281
 0.52335937 0.48472656 0.49277344 0.45796875 0.50605469 0.49023438
 0.46773437 0.48972656 0.53519531 0.49785156 0.49160156 0.50511719
 0.4775 0.49085937 0.52058594 0.51386719 0.50339844 0.5071875
 0.52277344 0.47691406 0.51285156 0.50625 0.49183594 0.50917969
 0.479375 0.50480469 0.46523437 0.50308594 0.49640625 0.465
 0.49046875 0.49453125 0.49273438 0.47269531 0.47289063 0.49460938
 0.50480469 0.51820312 0.501875 0.5128125 0.48707031 0.47828125
 0.50160156 0.48648438 0.46296875 0.52773437 0.48738281 0.50945312
 0.49703125 0.49550781 0.52777344 0.48867187 0.48355469 0.47871094
 0.534375 0.496875 0.49582031 0.47601562 0.471875 0.47164062
 0.486875 0.50203125 0.46867188 0.46429687 0.49046875 0.49285156
 0.4709375 0.4678125 0.48347656 0.48285156 0.51601562 0.48917969
 0.50195312 0.49554687 0.53328125 0.46582031 0.49984375 0.50703125
 0.48125 0.52800781 0.51550781 0.48339844 0.47945312 0.48605469
 0.47035156 0.5159375 0.46714844 0.47230469 0.51125 0.490625
 0.46132812 0.50675781 0.52894531 0.48367187 0.50277344 0.49527344
 0.51117188 0.5 0.49878906 0.4915625 0.46964844 0.48882813
 0.52011719 0.48453125 0.47792969 0.47609375 0.50285156 0.4828125
 0.50925781 0.48984375 0.5134375 0.48964844 0.51011719 0.49144531
 0.49898437 0.47386719 0.51972656 0.48140625 0.47023437 0.47457031
 0.49128906 0.484375 0.504375 0.501875 0.4803125 0.49835937
 0.50933594 0.48136719 0.50761719 0.4909375 0.49382813 0.51671875
 0.48773437 0.47867188 0.45527344 0.50597656 0.48765625 0.48871094
 0.50367187 0.51054687 0.4846875 0.50210937 0.47683594 0.45578125
 0.44886719 0.49746094 0.4978125 0.45730469 0.47300781 0.49882813
 0.49628906 0.4728125 0.48410156 0.49 0.47914062 0.50074219
 0.50023438 0.49554687 0.51015625 0.5134375 0.506875 0.48734375
 0.46242187 0.48847656 0.48558594 0.48757812 0.51152344 0.515
 0.49046875 0.50519531 0.50167969 0.47449219 0.44753906 0.499375
 0.54792969 0.46179687 0.51566406 0.47632812 0.49300781 0.50917969
 0.52652344 0.52261719 0.50875 0.46601562 0.46832031 0.48320313
 0.49578125 0.48195312 0.49417969 0.4840625 0.49234375 0.5203125
 0.4784375 0.48515625 0.49148437 0.50703125 0.50382812 0.48285156
 0.52566406 0.48503906 0.48761719 0.48226562 0.47953125 0.48542969
 0.474375 0.48761719 0.49574219 0.509375 0.48277344 0.48710938
 0.47347656 0.47980469 0.49703125 0.51 0.47945312 0.49046875
 0.47964844 0.48613281 0.52042969 0.47019531 0.49636719 0.51964844 0.51375 0.52996094 0.49246094 0.52625
 0.49 0.46472656 0.51511719 0.49445312 0.47675781 0.4828125
 0.50109375 0.47890625 0.47648438 0.50265625 0.49078125 0.50863281
 0.48605469 0.49351563 0.47082031 0.45476563 0.46972656 0.50722656
 0.5003125 0.50941406 0.50324219 0.4784375 0.49488281 0.50617188
 0.49785156 0.48519531 0.51675781 0.52617187 0.48042969 0.49871094
 0.50046875 0.515625 0.47914062 0.46457031 0.50058594 0.46199219
 0.52410156 0.49242188 0.46566406 0.50535156 0.50203125 0.49195312
 0.5025 0.47492187 0.49710938 0.47027344 0.46636719 0.49925781
 0.49839844 0.48480469 0.49761719 0.50398438 0.48933594 0.47371094
 0.45839844 0.50546875 0.49265625 0.49421875 0.48769531 0.48433594
 0.47992187 0.48042969 0.49320313 0.51554687 0.49117187 0.48273437
 0.52648438 0.48117188 0.49039063 0.50238281 0.51386719 0.49195312
 0.48914062 0.49757812 0.50414063 0.46753906 0.47058594 0.4825
 0.47117188 0.50871094 0.50042969 0.51398438 0.49441406 0.50117188
 0.47929688 0.4753125 0.49558594 0.45039062 0.48707031 0.50019531
 0.49964844 0.45433594 0.47261719 0.48667969 0.52144531 0.4846875
 0.47433594 0.50625 0.51503906 0.47882812 0.50746094 0.49285156
 0.51804688 0.47019531 0.50398438 0.48878906 0.50503906 0.51265625
 0.53300781 0.52414063 0.45328125 0.48628906 0.46332031 0.50378906
 0.49726562 0.49742188 0.48699219 0.48042969 0.49101563 0.46625
 0.5115625 0.48300781 0.5221875 0.49417969 0.55378906 0.50410156
 0.48683594 0.50480469 0.47414062 0.48707031 0.47460938 0.51273437
 0.47375 0.46289062 0.50878906 0.52140625 0.49457031 0.48546875
 0.4621875 0.46769531 0.46523437 0.53375 0.49214844 0.51207031
 0.47320313 0.52214844 0.46234375 0.51015625 0.546875 0.4853125
 0.46269531 0.4753125 0.49050781 0.50246094 0.47421875 0.4965625
 0.48882813 0.485625 0.49429688 0.50054687 0.51132813 0.49914063
 0.48886719 0.48941406 0.51027344 0.49585937 0.48886719 0.46695313
 0.49589844 0.4825 0.49773438 0.49238281 0.5 0.48375
 0.47296875 0.48957031 0.49824219 0.48253906 0.46894531 0.48222656
 0.50335938 0.50300781 0.46890625 0.49929687 0.4803125 0.50007813
 0.49953125 0.51589844 0.51394531 0.49515625 0.47117188 0.48660156
 0.45988281 0.47886719 0.51035156 0.49902344 0.506875 0.50550781
 0.45902344 0.46339844 0.5215625 0.49820313 0.52832031 0.48632812
 0.50210937 0.48453125 0.45746094 0.46570312 0.49988281 0.4865625
 0.50167969 0.50667969 0.46101562 0.45097656 0.49796875 0.471875
 0.51460938 0.48445312 0.49246094 0.45992187 0.48671875 0.44066406
 0.48996094 0.5140625 0.51179688 0.47152344 0.50964844 0.48179688
 0.52410156 0.52679688 0.50859375 0.51773437 0.51507813 0.48648438
 0.48777344 0.48457031 0.48460938 0.490625 0.47359375 0.52078125
 0.46902344 0.47871094 0.46304688 0.47003906 0.48648438 0.54042969
 0.49636719 0.47828125 0.50632813 0.49515625 0.49613281 0.51230469
 0.51058594 0.47867188 0.50011719 0.47355469 0.47941406 0.46386719
 0.48582031 0.49382813 0.50066406 0.50703125 0.51230469 0.52933594
 0.50777344 0.50039062 0.49296875 0.49820313 0.50644531 0.5109375
 0.49449219 0.47703125 0.52132813 0.53339844 0.5125 0.49445312
 0.4809375 0.48507813 0.5178125 0.5090625 0.51011719 0.49929687
 0.47988281 0.50566406 0.50019531 0.47332031 0.486875 0.50308594
 0.47976562 0.4890625 0.49113281 0.5096875 0.48535156 0.48070313
 0.51 0.47117188 0.48566406 0.51707031 0.48335937 0.4725
 0.51945312 0.49316406 0.50757812 0.48726562 0.45335938 0.52261719
 0.47878906 0.49121094 0.461875 0.4440625 0.51109375 0.48710938
 0.50144531 0.46628906 0.48148438 0.51773437 0.53488281 0.47949219
 0.48324219 0.49710938 0.50554687 0.49953125 0.47042969 0.47421875
 0.47699219 0.52609375 0.52300781 0.49535156 0.48425781 0.50230469
 0.50640625 0.48421875 0.48832031 0.48257813 0.47703125 0.49933594
 0.46808594 0.51363281 0.48597656 0.49761719 0.46320312 0.49238281
 0.47191406 0.50816406 0.48496094 0.50105469 0.51746094 0.50128906
 0.46890625 0.50648437 0.48414062 0.45628906 0.49855469 0.49675781
 0.48265625 0.48277344 0.49347656 0.51507813 0.48101563 0.48765625
 0.49308594 0.48886719 0.5053125 0.49332031 0.4946875 0.49574219
 0.4734375 0.49535156 0.49707031 0.48679688 0.5146875 0.52589844
 0.49246094 0.47605469 0.47816406 0.5146875 0.47097656 0.49613281
 0.466875 0.51324219 0.48453125 0.4728125 0.50347656 0.48625
 0.48820313 0.50546875 0.48484375 0.47472656 0.48285156 0.48414062
 0.50488281 0.49757812 0.5128125 0.50152344 0.46914062 0.515
 0.48402344 0.51960938 0.4871875 0.48769531 0.49820313 0.49554687
 0.50023438 0.46796875 0.51804688 0.48878906 0.50707031 0.46296875
 0.48976562 0.46050781 0.48078125 0.50175781 0.51089844 0.46535156
 0.48828125 0.49675781 0.51574219 0.46945313 0.50277344 0.48664062
 0.53691406 0.48386719 0.52191406 0.47410156 0.49371094 0.48621094
 0.5075 0.49734375 0.48023437 0.48488281 0.52527344 0.49613281
 0.50398438 0.46285156 0.5090625 0.48714844 0.51015625 0.47246094
 0.50066406 0.51164062 0.50605469 0.48707031 0.48203125 0.50394531
 0.50960938 0.46886719 0.50527344 0.49082031 0.47035156 0.47441406
 0.47847656 0.49753906 0.48941406 0.46976563 0.48804687 0.48820313
 0.49453125 0.48152344 0.47929688 0.4953125 0.52042969 0.48203125
 0.48792969 0.49613281 0.52253906 0.48136719 0.46976563 0.48996094
 0.48394531 0.48503906 0.48714844 0.48816406 0.49871094 0.50445312
 0.51328125 0.49921875 0.48289063 0.494375 0.5128125 0.49601563
 0.46683594 0.51296875 0.46789063 0.49777344 0.49585937 0.49089844
 0.48082031 0.48296875 0.45875 0.49886719 0.48695312 0.48691406
 0.51789063 0.47949219 0.47523437 0.5040625 0.499375 0.48691406
 0.523125 0.48070313 0.53039063 0.48214844 0.49476562 0.48945312
 0.49890625 0.49082031 0.53207031 0.46039062 0.51382812 0.47855469
 0.50378906 0.48632812 0.47664062 0.48746094 0.50621094 0.46191406
 0.46265625 0.46796875 0.48546875 0.49902344 0.5125 0.50605469
 0.53085938 0.48164062 0.49363281 0.48089844 0.51453125 0.50582031
 0.52152344 0.48796875 0.51710937 0.49960938 0.45332031 0.50121094
 0.48761719 0.47234375 0.4775 0.48949219 0.49265625 0.48746094
 0.48917969 0.47355469 0.50308594 0.47066406 0.48441406 0.46542969
 0.50578125 0.47898438 0.47386719 0.5140625 0.49746094 0.49265625
 0.48292969 0.48832031 0.51328125 0.48078125 0.48078125 0.47945312
 0.48175781 0.47941406 0.50796875 0.49457031 0.50261719 0.49777344
 0.49019531 0.47378906 0.47769531 0.51460938 0.50828125 0.49570313
 0.45523438 0.46925781 0.46441406 0.5 0.47011719 0.47859375
 0.5253125 0.46140625 0.48917969 0.49585937 0.47648438 0.48738281
 0.4778125 0.48550781 0.514375 0.48589844 0.51714844 0.49839844
 0.46578125 0.50605469 0.47804687 0.49863281 0.50929687 0.50191406
 0.48679688 0.4796875 0.49523438 0.50875 0.47167969 0.52230469
 0.47363281 0.47785156 0.46902344 0.50777344 0.50246094 0.50613281
 0.48617187 0.50996094 0.50132813 0.48875 0.44957031 0.49664063
 0.455 0.48722656 0.44816406 0.48226562 0.47871094 0.46101562
 0.47792969 0.50550781 0.51925781 0.48964844 0.49980469 0.51859375
 0.49527344 0.47722656 0.50171875 0.49332031 0.51386719 0.50902344
 0.47574219 0.49140625 0.46652344 0.48878906 0.47800781 0.49894531
 0.44699219 0.49289063 0.49074219 0.480625 0.50753906 0.50804688
 0.49460938 0.46433594 0.49 0.49980469 0.48539063 0.52765625
 0.48246094 0.48066406 0.51632813 0.49378906 0.50011719 0.4928125
 0.49265625 0.50804688 0.48300781 0.4871875 0.46679688 0.514375
 0.4628125 0.50945312 0.50339844 0.50691406 0.49773438 0.50105469
 0.47183594 0.48449219 0.48820313 0.48097656 0.48851563 0.48074219
 0.52210937 0.465 0.49039063 0.4934375 0.46496094 0.50875
 0.48796875 0.50285156 0.47242187 0.50050781 0.46136719 0.48398438
 0.49644531 0.46855469 0.4840625 0.49074219 0.48085937 0.50324219
 0.48128906 0.52269531 0.49273438 0.50214844 0.5259375 0.50839844
 0.5184375 0.48 0.49628906 0.50390625 0.47277344 0.52179688
 0.46351562 0.48191406 0.47160156 0.47917969 0.49863281 0.46214844
 0.48660156 0.51054687 0.51566406 0.50347656 0.50414063 0.49371094
 0.49222656 0.49003906 0.52136719 0.49132813 0.50128906 0.50214844
 0.46847656 0.48738281 0.48839844 0.50953125 0.51542969 0.52277344
 0.47929688 0.50101562 0.49855469 0.49679688 0.4678125 0.46636719
 0.48628906 0.4753125 0.493125 0.51050781 0.50703125 0.46289062
 0.46027344 0.48125 0.47257813 0.49894531 0.48496094 0.50027344
 0.51496094 0.50324219 0.47402344 0.47265625 0.45734375 0.49136719
 0.5009375 0.47410156 0.49804688 0.52796875 0.48511719 0.48449219
 0.4825 0.51984375 0.49496094 0.47691406 0.51328125 0.51085938
 0.47351562 0.51601562 0.48992188 0.48871094 0.52648438 0.45996094
 0.47902344 0.48484375 0.49757812 0.4896875 0.50882812 0.48964844
 0.51746094 0.51476563 0.48382812 0.46285156 0.48785156 0.50136719
 0.49324219 0.51167969 0.46039062 0.52933594 0.52332031 0.46921875
 0.46835938 0.49953125 0.46632812 0.47007813 0.52484375 0.485625
 0.50203125 0.47410156 0.51207031 0.47449219 0.46097656 0.51195313
 0.51472656 0.49367187 0.48132812 0.53894531 0.50769531 0.45253906
 0.46902344 0.48566406 0.48867187 0.48003906 0.48921875 0.54652344
 0.495 0.47152344 0.49253906 0.49148437 0.49222656 0.49214844
 0.49449219 0.47222656 0.49753906 0.50871094 0.49328125 0.46308594
 0.46644531 0.465625 0.48027344 0.47214844 0.50199219 0.50625
 0.48523437 0.48570313 0.46832031 0.48730469 0.49605469 0.46394531
 0.4671875 0.44542969 0.51265625 0.50441406 0.47453125 0.49179688
 0.50082031 0.48066406 0.52027344 0.46753906 0.52425781 0.53265625
 0.47246094 0.49628906 0.51214844 0.47324219 0.48089844 0.48652344
 0.50042969 0.49933594 0.4778125 0.523125 0.48910156 0.52539062
 0.49390625 0.46824219 0.51070313 0.47535156 0.47660156 0.49816406
 0.49992188 0.51703125 0.46578125 0.50617188 0.474375 0.49984375
 0.50773437 0.49625 0.50703125 0.49441406 0.51921875 0.49089844
 0.50902344 0.47980469 0.48628906 0.51746094 0.481875 0.46371094
 0.50648437 0.44394531 0.5053125 0.49890625 0.46382812 0.48933594
 0.48855469 0.48777344 0.47503906 0.49664063 0.506875 0.46320312
 0.47941406 0.51503906 0.4996875 0.45984375 0.50671875 0.54
 0.47183594 0.49960938 0.49921875 0.4978125 0.52644531 0.45988281
 0.46378906 0.48953125 0.5140625 0.47878906 0.45527344 0.46242187
 0.51445312 0.5009375 0.53867188 0.51417969 0.51386719 0.46175781
 0.50316406 0.50527344 0.48070313 0.45066406 0.50164062 0.50460938
 0.50445312 0.49371094 0.48359375 0.52070313 0.50175781 0.50457031
 0.49207031 0.46625 0.473125 0.49667969 0.49382813 0.47347656
 0.49648437 0.48839844 0.48742188 0.47132812 0.48921875 0.50773437
 0.50457031 0.48917969 0.49285156 0.52683594 0.48167969 0.4878125
 0.4684375 0.49515625 0.47226563 0.50046875 0.50414063 0.47886719
 0.46375 0.52011719 0.47097656 0.48257813 0.5271875 0.50449219
 0.49054687 0.48472656 0.50171875 0.46265625 0.48976562 0.48398438
 0.48441406 0.47871094 0.46179687 0.49386719 0.49777344 0.51648437
 0.52710937 0.47207031 0.515625 0.48613281 0.47335938 0.47117188
 0.4896875 0.49734375 0.51503906 0.48195312 0.44824219 0.50339844
 0.5228125 0.43972656 0.51878906 0.49265625 0.50660156 0.49359375
 0.49015625 0.48722656 0.48726562 0.498125 0.51835937 0.49023438 0.5209375 0.50882812 0.46652344 0.53429688
 0.4653125 0.50472656 0.54585938 0.48558594 0.50550781 0.51542969
 0.46820312 0.50949219 0.49289063 0.49441406 0.50777344 0.4771875
 0.45101562 0.47707031 0.51894531 0.46765625 0.5378125 0.46792969
 0.48957031 0.46710937 0.47589844 0.47890625 0.49832031 0.48109375
 0.48832031 0.47175781 0.49882813 0.48839844 0.51414063 0.51714844
 0.48710938 0.53808594 0.46042969 0.49011719 0.52515625 0.52195313
 0.48351563 0.52105469 0.51945312 0.46265625 0.471875 0.50164062
 0.48585937 0.47246094 0.51480469 0.470625 0.50410156 0.4875
 0.51597656 0.4884375 0.49570313 0.48851563 0.49707031 0.496875
 0.50054687 0.48070313 0.53046875 0.47746094 0.47316406 0.52085938
 0.51253906 0.46996094 0.48074219 0.53242188 0.5225 0.52136719
 0.48425781 0.55523437 0.51480469 0.47359375 0.5021875 0.51765625
 0.47375 0.51851563 0.52644531 0.48488281 0.49109375 0.46117188
 0.48640625 0.49269531 0.46140625 0.50609375 0.49789062 0.50441406
 0.47691406 0.52078125 0.50398438 0.51863281 0.46792969 0.47882812
 0.47527344 0.4759375 0.46363281 0.47304687 0.49285156 0.48914062
 0.47210937 0.49175781 0.48394531 0.49566406 0.52230469 0.51351563
 0.48167969 0.4803125 0.50691406 0.51328125 0.51101562 0.49066406
 0.47320313 0.49050781 0.49171875 0.52246094 0.50617188 0.43996094
 0.46980469 0.48359375 0.48386719 0.46355469 0.46683594 0.5165625
 0.48824219 0.4853125 0.48167969 0.47078125 0.48542969 0.47519531
 0.50121094 0.50980469 0.50339844 0.46871094 0.47726563 0.48257813
 0.468125 0.4875 0.50179688 0.48890625 0.49332031 0.50507813
 0.49164062 0.4846875 0.495625 0.47402344 0.49117187 0.5178125
 0.49132813 0.49261719 0.46660156 0.48960938 0.47886719 0.47382812
 0.51390625 0.476875 0.51144531 0.46941406 0.51382812 0.49777344
 0.51871094 0.51425781 0.5065625 0.50695313 0.48640625 0.47355469
 0.47664062 0.48273437 0.46359375 0.47890625 0.49980469 0.51070313
 0.49246094 0.44804688 0.50992187 0.486875 0.47113281 0.48296875
 0.50625 0.48449219 0.49929687 0.50457031 0.46703125 0.52472656
 0.49296875 0.51324219 0.52621094 0.50046875 0.52863281 0.45457031
 0.46378906 0.50648437 0.50972656 0.49285156 0.46894531 0.48207031
 0.49871094 0.49574219 0.50714844 0.49210938 0.49921875 0.47851562
 0.51085938 0.47789063 0.52820312 0.52757813 0.47710938 0.48164062
 0.46859375 0.50039062 0.49140625 0.50261719 0.51308594 0.5084375
 0.48539063 0.49496094 0.48691406 0.50066406 0.50691406 0.50207031
 0.49496094 0.47476563 0.49976562 0.51132813 0.48488281 0.45953125
 0.46371094 0.47792969 0.46710937 0.50011719 0.51441406 0.47675781
 0.48164062 0.49566406 0.48804687 0.44160156 0.53523438 0.48941406
 0.48277344 0.48605469 0.47703125 0.5115625 0.46355469 0.47832031
 0.47484375 0.48605469 0.50652344 0.50292969 0.49117187 0.51550781
 0.49363281 0.51300781 0.50742188 0.519375 0.47382812 0.50035156
 0.49304687 0.46941406 0.520625 0.50636719 0.49589844 0.4734375
 0.52945312 0.51371094 0.53890625 0.48613281 0.49851563 0.52773437
 0.47691406 0.44949219 0.46253906 0.52007812 0.50464844 0.4784375
 0.49269531 0.47621094 0.50878906 0.47046875 0.46136719 0.48480469
 0.50875 0.484375 0.47308594 0.48972656 0.47003906 0.5234375
 0.503125 0.49484375 0.46898438 0.50535156 0.48773437 0.48496094
 0.463125 0.51140625 0.51207031 0.48339844 0.48019531 0.5265625
 0.45460937 0.49199219 0.49421875 0.48277344 0.48359375 0.49859375
 0.5184375 0.48589844 0.45070312 0.47921875 0.4740625 0.48074219
 0.48117188 0.52246094 0.49085937 0.51476563 0.531875 0.46179687
 0.50828125 0.47128906 0.48769531 0.49972656 0.51460938 0.47148438
 0.49390625 0.50984375 0.49097656 0.46683594 0.51386719 0.51695313
 0.44445313 0.51066406 0.47105469 0.47074219 0.49339844 0.46933594
 0.47496094 0.49714844 0.46746094 0.51816406 0.4934375 0.50238281
 0.47457031 0.48378906 0.47996094 0.5046875 0.48265625 0.48144531
 0.50203125 0.47921875 0.55050781 0.45699219 0.44875 0.46304688
 0.47632812 0.46871094 0.489375 0.48847656 0.49503906 0.47871094
 0.4865625 0.49457031 0.48515625 0.50023438 0.50425781 0.51070313
 0.5121875 0.53648438 0.4915625 0.53007812 0.53539063 0.49558594
 0.465 0.44574219 0.49769531 0.5040625 0.46339844 0.46460937
 0.52320312 0.54582031 0.49648437 0.49476562 0.50179688 0.50066406
 0.46636719 0.48152344 0.48015625 0.48265625 0.49539062 0.50242188
 0.49089844 0.47476563 0.49753906 0.49566406 0.49742188 0.46582031
 0.474375 0.48464844 0.49308594 0.49496094 0.48230469 0.5075
 0.47835937 0.47605469 0.51546875 0.49699219 0.48683594 0.45707031
 0.48148438 0.4890625 0.48136719 0.4715625 0.49277344 0.45851562
 0.50390625 0.486875 0.51476563 0.50089844 0.45734375 0.46316406
 0.47945312 0.50132813 0.51308594 0.53683594 0.48023437 0.48335937
 0.50074219 0.43585937 0.52117187 0.49695312 0.46503906 0.49585937
 0.47746094 0.48734375 0.4425 0.53425781 0.46507813 0.50519531
 0.5065625 0.47113281 0.50222656 0.49902344 0.48691406 0.51714844
 0.48199219 0.485 0.4675 0.474375 0.48699219 0.49347656
 0.47601562 0.48109375 0.50074219 0.52078125 0.48472656 0.4796875
 0.49320313 0.50019531 0.51152344 0.51292969 0.48011719 0.52875
 0.50003906 0.46992187 0.49171875 0.49746094 0.46628906 0.51941406
 0.51839844 0.48105469 0.513125 0.49703125 0.46 0.48667969
 0.49949219 0.47660156 0.49136719 0.4796875 0.47921875 0.50414063
 0.46117188 0.46691406 0.47722656 0.4640625 0.48765625 0.48800781
 0.46640625 0.48410156 0.54652344 0.51769531 0.46917969 0.48628906
 0.48660156 0.4959375 0.48351563 0.47722656 0.48238281 0.47238281
 0.47980469 0.47441406 0.51136719 0.49949219 0.48714844 0.4778125
 0.48613281 0.53222656 0.46066406 0.47941406 0.51136719 0.46160156
 0.46808594 0.49789062 0.47542969 0.471875 0.45789062 0.478125
 0.51800781 0.4875 0.46929688 0.47433594 0.465625 0.4778125
 0.50253906 0.48433594 0.49566406 0.46457031 0.50523438 0.47246094
 0.52089844 0.51042969 0.49035156 0.49328125 0.50527344 0.49238281
 0.49242188 0.46992187 0.48191406 0.50089844 0.47730469 0.49835937
 0.51078125 0.49972656 0.50476562 0.49859375 0.50964844 0.47742187
 0.47972656 0.48925781 0.49761719 0.46851562 0.47308594 0.47652344
 0.52515625 0.52769531 0.51015625 0.48597656 0.46777344 0.47214844
 0.48761719 0.48007813 0.45789062 0.50605469 0.46867188 0.46261719
 0.48824219 0.50304688 0.49234375 0.50804688 0.50796875 0.49605469
 0.50304688 0.51867188 0.496875 0.49191406 0.5021875 0.48253906
 0.50460938 0.49210938 0.49421875 0.47308594 0.47121094 0.52503906
 0.47125 0.50339844 0.50070313 0.53015625 0.46710937 0.51648437
 0.46332031 0.4646875 0.49421875 0.46207031 0.51382812 0.49347656
 0.49152344 0.50664062 0.50941406 0.503125 0.4846875 0.49335937
 0.48011719 0.47960938 0.49101563 0.46441406 0.51496094 0.51519531
 0.47507813 0.5059375 0.44828125 0.51125 0.47183594 0.45847656
 0.48621094 0.45644531 0.47390625 0.48078125 0.49722656 0.50484375
 0.45675781 0.49679688 0.46738281 0.4859375 0.49035156 0.52261719
 0.50054687 0.50535156 0.52109375 0.47859375 0.47195312 0.49105469
 0.50226563 0.50753906 0.50148437 0.50199219 0.49070313 0.49410156
 0.48917969 0.50371094 0.48160156 0.45128906 0.50414063 0.48652344
 0.46976563 0.48910156 0.44847656 0.49539062 0.48058594 0.48929688
 0.53816406 0.46039062 0.4815625 0.47601562 0.49304687 0.48070313
 0.49050781 0.50046875 0.50234375 0.49105469 0.4778125 0.48132812
 0.47296875 0.48589844 0.47175781 0.49996094 0.47414062 0.50984375
 0.46339844 0.47601562 0.48394531 0.46621094 0.48085937 0.46148438
 0.47902344 0.49992188 0.47871094 0.51429687 0.49261719 0.4903125
 0.47835937 0.48179688 0.48898438 0.52675781 0.44195313 0.47320313
 0.50992187 0.48695312 0.49214844 0.51453125 0.51230469 0.49421875
 0.48277344 0.49441406 0.50289063 0.513125 0.51363281 0.46140625
 0.5084375 0.48921875 0.49144531 0.46128906 0.46933594 0.48042969
 0.47109375 0.46035156 0.49917969 0.51199219 0.51164062 0.49527344
 0.47882812 0.50230469 0.49339844 0.49117187 0.5025 0.49253906
 0.50457031 0.48515625 0.48027344 0.47523437 0.53554687 0.46660156
 0.51964844 0.48359375 0.50277344 0.499375 0.464375 0.47542969
 0.49398437 0.50242188 0.48113281 0.45710937 0.504375 0.446875
 0.48515625 0.49183594 0.50238281 0.48097656 0.490625 0.44183594
 0.45953125 0.50425781 0.50394531 0.49855469 0.48 0.48460938
 0.47414062 0.504375 0.45429687 0.49828125 0.46175781 0.48988281
 0.48488281 0.47671875 0.45414063 0.46160156 0.4784375 0.47707031
 0.51976563 0.50785156 0.47597656 0.50882812 0.48675781 0.50421875
 0.50480469 0.470625 0.45546875 0.49210938 0.5053125 0.51214844
 0.4771875 0.5165625 0.48363281 0.46164063 0.4934375 0.51125
 0.52175781 0.50460938 0.46589844 0.46882812 0.45984375 0.48097656
 0.48476562 0.49070313 0.47984375 0.48191406 0.48332031 0.47261719
 0.50765625 0.46601562 0.46980469 0.50761719 0.46617188 0.48789063
 0.46488281 0.48574219 0.50636719 0.49109375 0.49546875 0.49160156
 0.52042969 0.47554687 0.47863281 0.47179688 0.48140625 0.49902344
 0.50195312 0.48800781 0.4865625 0.48214844 0.49578125 0.48460938
 0.45421875 0.47019531 0.46355469 0.47636719 0.51550781 0.50746094
 0.51828125 0.49859375 0.49621094 0.48972656 0.49839844 0.54144531
 0.49125 0.524375 0.46933594 0.47800781 0.49085937 0.48480469
 0.4978125 0.50707031 0.53699219 0.45726563 0.50355469 0.50796875
 0.46402344 0.52707031 0.506875 0.47738281 0.46585938 0.50496094
 0.51230469 0.49320313 0.48761719 0.48714844 0.47960938 0.48773437
 0.49996094 0.47191406 0.45132813 0.48617187 0.49847656 0.47390625
 0.46183594 0.52492187 0.51136719 0.49804688 0.50066406 0.44789062
 0.50699219 0.50222656 0.48351563 0.49621094 0.46851562 0.48421875
 0.52882812 0.49328125 0.49867187 0.4659375 0.46207031 0.52746094
 0.51699219 0.47847656 0.50367187 0.49585937 0.49453125 0.50230469
 0.48347656 0.52699219 0.44523438 0.475 0.46511719 0.50203125
 0.49707031 0.47175781 0.5353125 0.48207031 0.46945313 0.50894531
 0.4740625 0.521875 0.49808594 0.49019531 0.46226563 0.49375
 0.46753906 0.49789062 0.46625 0.45960937 0.48632812 0.5084375
 0.47773437 0.47398438 0.46203125 0.51234375 0.46589844 0.48792969
 0.47601562 0.49425781 0.46085938 0.48589844 0.53402344 0.48371094
 0.4784375 0.50425781 0.49539062 0.45945313 0.45839844 0.45398437
 0.50492187 0.46082031 0.53035156 0.49453125 0.51410156 0.495
 0.49277344 0.49441406 0.51335937 0.50035156 0.48113281 0.48855469
 0.49136719 0.5084375 0.51703125 0.48449219 0.51496094 0.46617188
 0.48550781 0.45683594 0.4815625 0.53320312 0.51207031 0.48066406
 0.49125 0.48269531 0.48722656 0.48277344 0.4953125 0.4934375
 0.49183594 0.49578125 0.46769531 0.48609375 0.50695313 0.48535156
 0.47445312 0.49417969 0.49613281 0.42664062 0.51605469 0.49058594
 0.46121094 0.52078125 0.5 0.478125 0.4934375 0.4865625
 0.43789062 0.45984375 0.47054687 0.49625 0.47574219 0.445625
 0.4753125 0.48613281 0.50324219 0.47425781 0.50863281 0.50511719
 0.4928125 0.48828125 0.49441406 0.48308594 0.51765625 0.44511719
 0.48382812 0.5028125 0.48 0.50722656 0.4725 0.47523437
 0.50039062 0.53457031 0.46828125 0.51023438 0.49214844 0.48449219
 0.46988281 0.5015625 0.4846875 0.49316406 0.50792969 0.49761719 0.50339844 0.49929687 0.4921875 0.47644531
 0.49820313 0.4990625 0.48765625 0.49777344 0.51394531 0.50972656
 0.47765625 0.50046875 0.51761719 0.47503906 0.48703125 0.50304688
 0.50695313 0.51660156 0.52089844 0.49046875 0.515625 0.48699219
 0.5075 0.47335938 0.48226562 0.50648437 0.49 0.50964844
 0.49503906 0.4925 0.50550781 0.51089844 0.50824219 0.48898438
 0.49851563 0.49765625 0.4834375 0.49011719 0.503125 0.49988281
 0.47789063 0.49210938 0.49480469 0.49128906 0.49453125 0.51558594
 0.48910156 0.4865625 0.50441406 0.49027344 0.5096875 0.48773437
 0.48964844 0.51355469 0.49582031 0.47179688 0.49964844 0.50332031
 0.48894531 0.49617187 0.48753906 0.45691406 0.49945312 0.47191406
 0.49457031 0.50675781 0.50394531 0.45648437 0.48996094 0.50777344
 0.49597656 0.48542969 0.51121094 0.50597656 0.5053125 0.50640625
 0.50464844 0.50191406 0.49246094 0.49339844 0.48902344 0.48996094
 0.50699219 0.51332031 0.49613281 0.52007812 0.5315625 0.49851563
 0.49621094 0.51558594 0.48796875 0.49230469 0.49113281 0.49148437
 0.48289063 0.48613281 0.47441406 0.50015625 0.48785156 0.50378906
 0.49328125 0.49441406 0.50675781 0.49277344 0.47136719 0.50980469
 0.49480469 0.49484375 0.48652344 0.49863281 0.49839844 0.50253906
 0.49578125 0.50308594 0.50042969 0.49527344 0.50480469 0.50289063
 0.4871875 0.48804687 0.48957031 0.48054687 0.5084375 0.48773437
 0.52902344 0.50816406 0.52242188 0.48425781 0.49019531 0.50554687
 0.49253906 0.49679688 0.50300781 0.50066406 0.47652344 0.49234375
 0.47515625 0.51460938 0.49101563 0.52617187 0.49320313 0.5059375
 0.5046875 0.50101562 0.49601563 0.49808594 0.49148437 0.50675781
 0.49332031 0.48050781 0.48957031 0.49042969 0.50078125 0.50203125
 0.51515625 0.50109375 0.51679688 0.50105469 0.4846875 0.5009375
 0.515 0.50515625 0.47996094 0.4984375 0.48914062 0.50609375
 0.49644531 0.49390625 0.50542969 0.50621094 0.47050781 0.50226563
 0.49941406 0.49011719 0.47421875 0.49476562 0.48273437 0.48800781
 0.49617187 0.50625 0.50652344 0.49570313 0.4659375 0.49144531
 0.49660156 0.46480469 0.48757812 0.49773438 0.500625 0.48441406
 0.51253906 0.50515625 0.49171875 0.5021875 0.51519531 0.50167969
 0.50359375 0.47046875 0.4959375 0.48210938 0.50449219 0.49636719
 0.50738281 0.48542969 0.46785156 0.51347656 0.51320312 0.48589844
 0.50261719 0.51289063 0.49988281 0.51410156 0.47910156 0.4775
 0.47867188 0.49835937 0.47425781 0.48539063 0.48707031 0.48710938
 0.5071875 0.50261719 0.5109375 0.4990625 0.47773437 0.48882813
 0.49667969 0.48765625 0.50511719 0.50144531 0.5015625 0.49085937
 0.54085938 0.48960938 0.50074219 0.50570313 0.51910156 0.49859375
 0.48871094 0.49300781 0.50699219 0.48851563 0.50503906 0.49972656
 0.49574219 0.49226562 0.50480469 0.49050781 0.48367187 0.50585938
 0.46976563 0.49445312 0.48726562 0.48003906 0.48292969 0.47546875
 0.51347656 0.50152344 0.4859375 0.50589844 0.49890625 0.51132813
 0.50089844 0.4725 0.48710938 0.50347656 0.51738281 0.50816406
 0.47566406 0.52585938 0.49898437 0.51429687 0.513125 0.47929688
 0.5109375 0.49074219 0.4946875 0.49867187 0.48964844 0.50074219
 0.49152344 0.47140625 0.49792969 0.48953125 0.48972656 0.46660156
 0.50539062 0.50144531 0.50289063 0.49820313 0.49632813 0.49640625
 0.49917969 0.506875 0.49449219 0.496875 0.49339844 0.48828125
 0.49417969 0.50484375 0.496875 0.50023438 0.49761719 0.50007813
 0.50835937 0.48875 0.50691406 0.47667969 0.50449219 0.50949219
 0.49113281 0.50765625 0.48113281 0.5021875 0.48648438 0.50121094
 0.49164062 0.48195312 0.4796875 0.50214844 0.48878906 0.49925781
 0.47421875 0.4946875 0.50292969 0.47554687 0.50460938 0.49304687
 0.48425781 0.48113281 0.47902344 0.49296875 0.49160156 0.493125
 0.50351563 0.49683594 0.49140625 0.51226562 0.47898438 0.50714844
 0.50644531 0.49222656 0.50339844 0.48652344 0.501875 0.49992188
 0.4990625 0.50140625 0.49816406 0.49414062 0.52621094 0.50226563
 0.48988281 0.5065625 0.50140625 0.47277344 0.48039063 0.50429687
 0.49898437 0.49140625 0.4740625 0.49699219 0.47425781 0.49191406
 0.48449219 0.51660156 0.50785156 0.48085937 0.50050781 0.48855469
 0.49671875 0.48417969 0.48609375 0.48285156 0.50125 0.48625
 0.49980469 0.500625 0.49289063 0.49601563 0.46851562 0.48578125
 0.50140625 0.50355469 0.50433594 0.49617187 0.48613281 0.49132813
 0.50023438 0.47988281 0.4996875 0.48566406 0.48304687 0.51613281
 0.50742188 0.49628906 0.49367187 0.49710938 0.49195312 0.50574219
 0.49285156 0.47425781 0.50214844 0.48976562 0.50371094 0.48949219
 0.50871094 0.49433594 0.47417969 0.50542969 0.50285156 0.51054687
 0.4825 0.52558594 0.49210938 0.48683594 0.49238281 0.4953125
 0.48894531 0.50632813 0.5003125 0.49984375 0.50011719 0.50066406
 0.49085937 0.48117188 0.50636719 0.49515625 0.50515625 0.48335937
 0.49785156 0.48074219 0.49386719 0.46570312 0.51066406 0.50988281
 0.49703125 0.4928125 0.48953125 0.50328125 0.48351563 0.48300781
 0.51324219 0.516875 0.47988281 0.47171875 0.50101562 0.48628906
 0.50746094 0.50058594 0.50507813 0.49410156 0.50882812 0.49898437
 0.48445312 0.49746094 0.4859375 0.4996875 0.47390625 0.47160156
 0.51 0.52171875 0.49410156 0.48453125 0.499375 0.48730469
 0.48816406 0.49117187 0.5228125 0.47957031 0.50136719 0.50257812
 0.48238281 0.49601563 0.48542969 0.48972656 0.49816406 0.4971875
 0.50183594 0.51121094 0.49773438 0.50765625 0.48824219 0.49046875
 0.49761719 0.50992187 0.471875 0.49503906 0.49367187 0.51835937
 0.51582031 0.48933594 0.49957031 0.49429688 0.49234375 0.49757812
 0.46527344 0.49742188 0.5090625 0.48097656 0.48863281 0.50074219
 0.50863281 0.52113281 0.46429687 0.47753906 0.49363281 0.48886719
 0.49238281 0.50332031 0.53390625 0.50144531 0.48480469 0.4871875
 0.48335937 0.49679688 0.49652344 0.49417969 0.4928125 0.49515625
 0.47976562 0.50101562 0.47339844 0.5171875 0.49945312 0.50707031
 0.47253906 0.48320313 0.50347656 0.48726562 0.50109375 0.50402344
 0.48886719 0.50503906 0.48726562 0.49917969 0.49214844 0.48898438
 0.46320312 0.48492188 0.50316406 0.49667969 0.50875 0.4753125
 0.50460938 0.49804688 0.48273437 0.50300781 0.49789062 0.48882813
 0.49914063 0.51574219 0.48773437 0.50171875 0.48765625 0.49640625
 0.49609375 0.48339844 0.50246094 0.50195312 0.47289063 0.50695313
 0.49007812 0.5015625 0.48414062 0.4803125 0.49097656 0.48691406
 0.48144531 0.4909375 0.51164062 0.49035156 0.51484375 0.50089844
 0.49167969 0.49757812 0.49722656 0.47980469 0.48058594 0.503125
 0.49640625 0.51222656 0.50394531 0.49308594 0.510625 0.49207031
 0.50246094 0.50851563 0.49742188 0.48671875 0.50234375 0.485625
 0.48796875 0.50992187 0.50671875 0.49980469 0.49925781 0.50601562
 0.49203125 0.49179688 0.49078125 0.48355469 0.4903125 0.50894531
 0.49617187 0.49699219 0.48964844 0.51265625 0.48449219 0.4928125
 0.4975 0.48449219 0.51117188 0.48136719 0.48378906 0.503125
 0.49691406 0.46527344 0.47855469 0.48863281 0.49777344 0.49675781
 0.51945312 0.48160156 0.48175781 0.48183594 0.50964844 0.51175781
 0.47378906 0.50199219 0.48183594 0.484375 0.49347656 0.495625
 0.50472656 0.51558594 0.48003906 0.49296875 0.50789063 0.48140625
 0.49394531 0.47875 0.48617187 0.50734375 0.49234375 0.50769531
 0.49902344 0.50125 0.50472656 0.50253906 0.52675781 0.49277344
 0.516875 0.50296875 0.49699219 0.51015625 0.50882812 0.47324219
 0.51675781 0.48277344 0.49917969 0.494375 0.50132813 0.50273437
 0.52328125 0.49632813 0.5159375 0.52375 0.49523438 0.50773437
 0.495 0.51011719 0.49539062 0.49886719 0.48386719 0.49097656
 0.50042969 0.47941406 0.4709375 0.5046875 0.49347656 0.48761719
 0.50242188 0.50273437 0.49800781 0.50949219 0.50167969 0.4834375
 0.50246094 0.47480469 0.51113281 0.46140625 0.500625 0.495625
 0.50871094 0.50042969 0.49726562 0.48835937 0.50359375 0.49207031
 0.48664062 0.4825 0.51070313 0.49894531 0.49667969 0.48113281
 0.48722656 0.50140625 0.50332031 0.51128906 0.47410156 0.48324219
 0.50433594 0.47984375 0.52335937 0.47546875 0.50378906 0.5028125
 0.48253906 0.49554687 0.49296875 0.4859375 0.48613281 0.50996094
 0.48410156 0.47277344 0.48960938 0.47808594 0.46699219 0.49773438
 0.5015625 0.50558594 0.49855469 0.50171875 0.49648437 0.47667969
 0.52011719 0.50078125 0.49878906 0.49265625 0.4903125 0.49761719
 0.50351563 0.47261719 0.4775 0.48515625 0.506875 0.47714844
 0.50632813 0.50554687 0.50542969 0.49441406 0.48921875 0.51539062
 0.5009375 0.49003906 0.49753906 0.51019531 0.47917969 0.49628906
 0.50546875 0.49183594 0.49804688 0.4984375 0.4853125 0.48816406
 0.48503906 0.51324219 0.48890625 0.49335937 0.48773437 0.47652344
 0.50992187 0.4946875 0.49898437 0.491875 0.49191406 0.50691406
 0.47585937 0.47597656 0.47867188 0.49757812 0.47167969 0.49957031
 0.48902344 0.47042969 0.48519531 0.4946875 0.51035156 0.48386719
 0.49253906 0.50730469 0.49074219 0.50667969 0.50273437 0.50960938
 0.50511719 0.50433594 0.50285156 0.47265625 0.47707031 0.50179688
 0.51402344 0.498125 0.51226562 0.50152344 0.51472656 0.49675781
 0.51699219 0.49085937 0.49976562 0.50691406 0.52648438 0.48828125
 0.50570313 0.49289063 0.5078125 0.50832031 0.51636719 0.49121094
 0.49621094 0.49347656 0.48265625 0.50054687 0.5271875 0.51378906
 0.48703125 0.48523437 0.49777344 0.49695312 0.50226563 0.49179688
 0.49804688 0.51640625 0.50492187 0.49464844 0.50265625 0.50546875
 0.47546875 0.51582031 0.50128906 0.49539062 0.51207031 0.51667969
 0.49660156 0.49449219 0.49949219 0.50324219 0.49316406 0.47675781
 0.51742188 0.52472656 0.49152344 0.49863281 0.51710937 0.49363281
 0.48230469 0.4953125 0.49527344 0.49039063 0.49710938 0.51351563
 0.49183594 0.506875 0.49179688 0.48664062 0.4775 0.50164062
 0.47488281 0.483125 0.49210938 0.50644531 0.49460938 0.4875
 0.5115625 0.49054687 0.46839844 0.5040625 0.48714844 0.48175781
 0.498125 0.49097656 0.50117188 0.50902344 0.4996875 0.4940625
 0.48703125 0.48144531 0.50101562 0.47902344 0.52816406 0.52304688
 0.49304687 0.49757812 0.49144531 0.50199219 0.48757812 0.50511719
 0.49515625 0.48003906 0.50207031 0.51128906 0.514375 0.50449219
 0.52023438 0.48355469 0.4984375 0.509375 0.50304688 0.49886719
 0.48097656 0.4953125 0.48164062 0.48710938 0.47773437 0.48183594
 0.51617187 0.50988281 0.49601563 0.49386719 0.47894531 0.48457031
 0.49246094 0.49453125 0.50757812 0.50679688 0.48988281 0.48632812
 0.49597656 0.47390625 0.51644531 0.48113281 0.5046875 0.50769531
 0.49792969 0.51292969 0.50394531 0.49257812 0.51179688 0.49398437
 0.48941406 0.49589844 0.50796875 0.48417969 0.4853125 0.5
 0.4803125 0.49179688 0.47660156 0.48273437 0.5053125 0.49492188
 0.52226562 0.49355469 0.49917969 0.49769531 0.48453125 0.50457031
 0.49390625 0.47234375 0.50414063 0.47210937 0.48738281 0.5075
 0.48855469 0.48246094 0.50953125 0.49222656 0.49800781 0.50929687
 0.49175781 0.50851563 0.48035156 0.49761719 0.52054687 0.50105469
 0.51914063 0.47820313 0.50730469 0.49390625 0.48933594 0.48121094
 0.5034375 0.473125 0.49785156 0.50488281 0.50476562 0.51261719
 0.50027344 0.49171875 0.49703125 0.5028125 0.48976562 0.50382812
 0.49324219 0.50707031 0.47378906 0.49296875