0.51375 0.52050781 0.51679688 0.50800781 0.51214844 0.51410156
 0.5128125 0.51074219 0.51660156 0.51363281 0.51652344 0.50007813
 0.50671875 0.5003125 0.48441406 0.49199219 0.48679688 0.49574219
 0.48671875 0.49367187 0.49585937 0.48847656 0.49054687 0.4728125
 0.47429688 0.4721875 0.4721875 0.46542969 0.48160156 0.46503906
 0.47238281 0.47214844 0.46359375 0.46128906 0.47175781 0.46328125
 0.45304688 0.46746094 0.47023437 0.47222656 0.46351562 0.45707031
 0.46453125 0.45605469 0.45960937 0.47300781 0.45859375 0.45957031
 0.45730469 0.44894531 0.46234375 0.45007812 0.44667969 0.45148437
 0.45660156 0.44632813 0.45117188 0.45179687 0.43925781 0.44191406
 0.44660156 0.43996094 0.45394531 0.44871094 0.43761719 0.44421875
 0.45554688 0.44105469 0.43878906 0.44460937 0.43617187 0.43667969
 0.43988281 0.43972656 0.44402344 0.43621094 0.4459375 0.44695313
 0.44640625 0.44445313 0.43234375 0.42789063 0.44085937 0.44085937
 0.43316406 0.44386719 0.43507812 0.43691406 0.4521875 0.44402344
 0.44464844 0.43570313 0.43144531 0.4465625 0.44429687 0.43492188
 0.44152344 0.44957031 0.43332031 0.44476562 0.43449219 0.43074219
 0.43667969 0.43449219 0.43738281 0.43078125 0.435625 0.43414063
 0.4453125 0.43695312 0.44671875 0.43984375 0.44175781 0.43625
 0.43761719 0.43195312 0.4275 0.44128906 0.44410156 0.43816406
 0.44722656 0.43191406 0.41824219 0.43527344 0.43078125 0.42558594
 0.4378125 0.42683594 0.43585937 0.44417969 0.44367187 0.43460938
 0.42261719 0.42496094 0.44074219 0.42828125 0.42394531 0.41976562
 0.43941406 0.41972656 0.43195312 0.42625 0.42183594 0.42570313
 0.43335937 0.42789063 0.42804687 0.42757812 0.41964844 0.42351563
 0.43484375 0.42578125 0.43148437 0.44105469 0.41273437 0.4275
 0.43503906 0.42226562 0.43070313 0.42367187 0.43835937 0.42148438
 0.4228125 0.43054687 0.421875 0.41902344 0.42105469 0.42320313
 0.43011719 0.42949219 0.42273437 0.42847656 0.42214844 0.4190625
 0.42777344 0.43128906 0.42484375 0.43003906 0.40949219 0.41398438
 0.4353125 0.42625 0.42070313 0.4159375 0.42851563 0.40894531
 0.4125 0.42378906 0.41507813 0.4253125 0.42480469 0.40910156
 0.41109375 0.40523437 0.42878906 0.40960937 0.40816406 0.42058594
 0.40214844 0.42621094 0.42792969 0.42078125 0.41136719 0.40117188
 0.4134375 0.40847656 0.39539062 0.41589844 0.40050781 0.41511719
 0.38019531 0.39492187 0.41273437 0.41792969 0.42207031 0.42621094
 0.39042969 0.39019531 0.41882812 0.43578125 0.429375 0.40949219
 0.38710937 0.40519531 0.40839844 0.39960937 0.38722656 0.414375
 0.40878906 0.40800781 0.3915625 0.40265625 0.40609375 0.39511719
 0.40554687 0.39367188 0.41257813 0.40347656 0.41082031 0.40910156
 0.41085938 0.4040625 0.38378906 0.43 0.39613281 0.398125
 0.388125 0.3971875 0.40882812 0.37679687 0.41164062 0.39167969
 0.4265625 0.40347656 0.38648437 0.41328125 0.36179688 0.39105469
 0.38480469 0.42335937 0.40441406 0.4171875 0.40019531 0.38027344
 0.38722656 0.37515625 0.39546875 0.40917969 0.40070312 0.38242188
 0.40082031 0.40359375 0.39296875 0.38183594 0.41195312 0.39910156
 0.37839844 0.38226562 0.36375 0.38136719 0.3675 0.38683594
 0.38050781 0.36585937 0.37039062 0.41691406 0.38992187 0.39160156
 0.36046875 0.39597656 0.38503906 0.40046875 0.38765625 0.365
 0.35441406 0.35671875 0.37277344 0.39746094 0.36742188 0.34703125
 0.38929687 0.37660156 0.36328125 0.38101563 0.37785156 0.36144531
 0.39179687 0.365 0.39269531 0.39289062 0.36828125 0.38707031
 0.35578125 0.34933594 0.37113281 0.37046875 0.34335938 0.38523438
 0.35351562 0.37992188 0.40230469 0.39585938 0.39019531 0.38507812
 0.39792969 0.41226563 0.39769531 0.37300781 0.36910156 0.38699219
 0.37195312 0.41179688 0.38300781 0.37816406 0.36472656 0.35214844
 0.35671875 0.36796875 0.33570312 0.37007812 0.39101562 0.35285156
 0.36550781 0.37753906 0.46289062 0.37578125 0.3790625 0.37203125
 0.38761719 0.41113281 0.36949219 0.36917969 0.34046875 0.37523438
 0.34195313 0.34332031 0.36550781 0.36109375 0.38847656 0.37664063
 0.39082031 0.36 0.38214844 0.34867188 0.333125 0.35171875
 0.3465625 0.36011719 0.39132813 0.40027344 0.363125 0.37296875
 0.35148438 0.36675781 0.37832031 0.36355469 0.33980469 0.34953125
 0.34660156 0.31992188 0.34675781 0.3340625 0.37648437 0.35898438
 0.3465625 0.35902344 0.34230469 0.36246094 0.34199219 0.36164062
 0.33640625 0.37882813 0.345625 0.36238281 0.37550781 0.36363281
 0.33953125 0.32351562 0.36691406 0.35089844 0.34757813 0.3934375
 0.38171875 0.36632813 0.40027344 0.35847656 0.33484375 0.37992188
 0.35832031 0.36425781 0.38316406 0.32828125 0.36945312 0.36269531
 0.32859375 0.37820312 0.35820313 0.38363281 0.34105469 0.3534375
 0.36972656 0.35875 0.32503906 0.33507813 0.36117187 0.37285156
 0.36949219 0.35621094 0.37351563 0.37125 0.353125 0.36707031
 0.36234375 0.36210938 0.3403125 0.35429688 0.36359375 0.355
 0.33671875 0.34117188 0.37527344 0.33554688 0.35121094 0.31578125
 0.364375 0.34808594 0.36214844 0.35527344 0.32722656 0.35539063
 0.34199219 0.35800781 0.32746094 0.32523438 0.3659375 0.34933594
 0.3309375 0.35164062 0.39453125 0.32511719 0.34839844 0.35753906
 0.3728125 0.350625 0.34585938 0.33898438 0.36332031 0.36164062
 0.33484375 0.3721875 0.35460938 0.35664062 0.36660156 0.3659375
 0.34582031 0.36035156 0.34613281 0.36019531 0.32417969 0.33335938
 0.37253906 0.3865625 0.37625 0.35832031 0.35550781 0.35113281
 0.36785156 0.37160156 0.31355469 0.35621094 0.37410156 0.35558594
 0.36019531 0.32800781 0.37738281 0.34160156 0.37503906 0.35449219
 0.34714844 0.34933594 0.33875 0.32835938 0.33929687 0.36578125
 0.33949219 0.34238281 0.34890625 0.36484375 0.3471875 0.41429688
 0.36742188 0.34945312 0.33199219 0.32714844 0.34089844 0.34121094
 0.33996094 0.30289063 0.33347656 0.31519531 0.33078125 0.35164062
 0.36558594 0.33015625 0.32316406 0.37757812 0.34621094 0.35273437
 0.32453125 0.37074219 0.40179687 0.33878906 0.35367188 0.38089844
 0.3328125 0.33292969 0.32386719 0.33363281 0.36128906 0.36128906
 0.34113281 0.36257812 0.34949219 0.36136719 0.34269531 0.35390625
 0.34976563 0.37050781 0.32921875 0.29878906 0.36441406 0.34769531
 0.31617187 0.34777344 0.38253906 0.33386719 0.38304688 0.35816406
 0.33890625 0.33878906 0.32691406 0.35429688 0.35035156 0.34859375
 0.3325 0.37691406 0.32316406 0.33386719 0.39273438 0.3696875
 0.33914062 0.34816406 0.32257812 0.36507812 0.34886719 0.3625
 0.350625 0.32253906 0.37007812 0.34996094 0.32597656 0.30980469
 0.32003906 0.34457031 0.3284375 0.355 0.34996094 0.34546875
 0.36550781 0.37507812 0.34621094 0.31285156 0.29359375 0.34238281
 0.32507812 0.34183594 0.36445312 0.34417969 0.40011719 0.32835938
 0.32914063 0.36523438 0.37617187 0.32453125 0.34367188 0.37449219
 0.32433594 0.35203125 0.34109375 0.33898438 0.36648437 0.29839844
 0.34292969 0.30398437 0.35835937 0.33410156 0.34128906 0.31980469
 0.29601563 0.35835937 0.36003906 0.31167969 0.31265625 0.31695313
 0.37015625 0.34222656 0.31039062 0.32269531 0.33785156 0.33554688
 0.33421875 0.35074219 0.29613281 0.31113281 0.31757812 0.37167969
 0.30445312 0.31789062 0.32335938 0.40582031 0.32769531 0.33816406
 0.34980469 0.31503906 0.36367187 0.29859375 0.31667969 0.34261719
 0.33785156 0.35726562 0.32546875 0.38183594 0.31960937 0.31316406
 0.31769531 0.355 0.27792969 0.30460938 0.30527344 0.31210938
 0.29277344 0.31367187 0.33722656 0.35402344 0.30917969 0.33824219
 0.34621094 0.35285156 0.30496094 0.33949219 0.30195312 0.32832031
 0.31964844 0.30140625 0.32691406 0.32957031 0.35457031 0.32464844
 0.32261719 0.32886719 0.33386719 0.31019531 0.300625 0.33503906
 0.37230469 0.34128906 0.30785156 0.32957031 0.32773438 0.3334375
 0.31480469 0.37511719 0.32089844 0.39371094 0.315625 0.32453125
 0.31050781 0.35308594 0.30617187 0.28925781 0.309375 0.2709375
 0.31 0.35355469 0.29824219 0.31214844 0.30355469 0.28652344
 0.30726562 0.32242188 0.33296875 0.29117188 0.31542969 0.34664062
 0.3109375 0.31765625 0.29753906 0.33515625 0.31519531 0.30972656
 0.29542969 0.32242188 0.28601562 0.29863281 0.28925781 0.35429688
 0.30425781 0.30328125 0.33273438 0.30113281 0.32820312 0.28472656
 0.31464844 0.32207031 0.333125 0.30136719 0.29585937 0.30925781
 0.29261719 0.26230469 0.32664063 0.30917969 0.31453125 0.33007812
 0.31722656 0.33109375 0.30269531 0.28796875 0.32628906 0.30335937
 0.31433594 0.30742188 0.34320312 0.26457031 0.29371094 0.31609375
 0.2921875 0.33386719 0.30109375 0.30902344 0.31042969 0.30347656
 0.34742187 0.33082031 0.31847656 0.31828125 0.32777344 0.30609375
 0.28917969 0.35542969 0.31261719 0.28792969 0.27816406 0.33511719
 0.28449219 0.2915625 0.34433594 0.323125 0.3325 0.33464844
 0.31863281 0.32542969 0.34292969 0.30117187 0.33082031 0.32566406
 0.34472656 0.30273438 0.30671875 0.29792969 0.29667969 0.30457031
 0.28585938 0.29667969 0.34601562 0.32640625 0.34710937 0.34355469
 0.29648438 0.30796875 0.30453125 0.26285156 0.29191406 0.29980469
 0.36128906 0.29847656 0.31511719 0.293125 0.31722656 0.28582031
 0.29949219 0.30589844 0.30457031 0.30082031 0.32855469 0.35128906
 0.3371875 0.32527344 0.31621094 0.29351563 0.31429687 0.34824219
 0.30445312 0.35054687 0.3 0.32347656 0.32800781 0.27972656
 0.30148438 0.29015625 0.30773438 0.32136719 0.31667969 0.31078125
 0.2990625 0.30125 0.31859375 0.30113281 0.3284375 0.32125
 0.35820313 0.31910156 0.36535156 0.310625 0.30261719 0.32363281
 0.30679688 0.3021875 0.28683594 0.2890625 0.32121094 0.30605469
 0.33582031 0.29324219 0.32921875 0.33183594 0.32671875 0.28214844
 0.30957031 0.31082031 0.30058594 0.30839844 0.29480469 0.2834375
 0.32566406 0.26621094 0.32804688 0.31816406 0.2934375 0.29804687
 0.31847656 0.35058594 0.36046875 0.32640625 0.30363281 0.32109375
 0.33089844 0.34164062 0.2815625 0.31757812 0.28089844 0.31804688
 0.303125 0.31453125 0.30644531 0.34746094 0.30324219 0.32144531
 0.3315625 0.33054688 0.30179688 0.29460938 0.2784375 0.3178125
 0.29136719 0.30050781 0.30269531 0.28175781 0.29582031 0.29921875
 0.3121875 0.28296875 0.30523438 0.31757812 0.33011719 0.31742188
 0.27828125 0.34875 0.33828125 0.30089844 0.28632812 0.36304687
 0.29695312 0.35136719 0.27589844 0.289375 0.30625 0.33832031
 0.31515625 0.33519531 0.30519531 0.34066406 0.324375 0.27585938
 0.32953125 0.29488281 0.2821875 0.29597656 0.37449219 0.31496094
 0.27796875 0.36449219 0.33929687 0.28652344 0.301875 0.32695313
 0.29222656 0.2878125 0.27015625 0.30757812 0.32117187 0.29503906
 0.29316406 0.32765625 0.31652344 0.31089844 0.294375 0.35441406
 0.30777344 0.30503906 0.29359375 0.34363281 0.27683594 0.34230469
 0.32828125 0.31109375 0.31925781 0.35957031 0.3284375 0.30074219
 0.31964844 0.34488281 0.32546875 0.32050781 0.2871875 0.27636719
 0.29210938 0.3115625 0.36390625 0.321875 0.29113281 0.29925781
 0.306875 0.29738281 0.29367188 0.31582031 0.29660156 0.30113281
 0.27660156 0.283125 0.38832031 0.33820312 0.32210937 0.33988281
 0.32421875 0.31011719 0.29078125 0.34964844 0.33386719 0.313125
 0.3125 0.31027344 0.33839844 0.32304688 0.31691406 0.32222656
 0.37023438 0.33265625 0.36882813 0.33109375 0.54058594 0.556875 0.55917969 0.54941406 0.55996094 0.55996094
 0.54222656 0.54921875 0.55089844 0.54425781 0.54652344 0.55175781
 0.53960937 0.54195313 0.54230469 0.52839844 0.55078125 0.54691406
 0.53863281 0.53628906 0.53640625 0.53171875 0.52445312 0.5334375
 0.53136719 0.52703125 0.53910156 0.53109375 0.52226562 0.51042969
 0.51191406 0.52144531 0.5240625 0.51503906 0.5203125 0.50875
 0.53277344 0.50308594 0.50953125 0.49835937 0.50257812 0.49035156
 0.4965625 0.50046875 0.4971875 0.50519531 0.495 0.48542969
 0.48785156 0.4953125 0.48027344 0.48816406 0.47882812 0.49339844
 0.46890625 0.47886719 0.47152344 0.47300781 0.4740625 0.4715625
 0.46644531 0.47363281 0.47019531 0.46152344 0.46550781 0.471875
 0.46066406 0.46652344 0.45796875 0.44488281 0.46230469 0.44882813
 0.45898438 0.45820312 0.45390625 0.45433594 0.45058594 0.44242188
 0.44910156 0.44925781 0.44964844 0.44121094 0.44550781 0.43679687
 0.44046875 0.45625 0.44203125 0.44867187 0.44246094 0.44527344
 0.44597656 0.44503906 0.44800781 0.44429687 0.46164063 0.44125
 0.44714844 0.45335938 0.44414063 0.43234375 0.44523438 0.4425
 0.44257812 0.43878906 0.44308594 0.43769531 0.43089844 0.43296875
 0.445625 0.43144531 0.44871094 0.44675781 0.43667969 0.43066406
 0.44019531 0.44277344 0.43761719 0.42949219 0.42722656 0.43054687
 0.43777344 0.43070313 0.42699219 0.42800781 0.43019531 0.43917969
 0.43464844 0.43023438 0.45121094 0.42984375 0.4275 0.42496094
 0.43265625 0.44699219 0.42804687 0.43558594 0.42667969 0.43203125
 0.43820313 0.43523438 0.43875 0.43769531 0.43929687 0.43070313
 0.43101563 0.43605469 0.4275 0.42800781 0.42847656 0.42972656
 0.4453125 0.45039062 0.43570313 0.43503906 0.4321875 0.43441406
 0.43378906 0.42960938 0.43320313 0.43664063 0.43070313 0.43769531
 0.43292969 0.43371094 0.41792969 0.43601563 0.42734375 0.425625
 0.42164062 0.4275 0.42429688 0.42570313 0.42289063 0.42425781
 0.43066406 0.4278125 0.4284375 0.425 0.41464844 0.41777344
 0.4228125 0.43566406 0.428125 0.41625 0.41972656 0.42890625
 0.42335937 0.41578125 0.44183594 0.42566406 0.42390625 0.42878906
 0.41714844 0.419375 0.42585937 0.43246094 0.42859375 0.40871094
 0.41292969 0.42347656 0.41515625 0.41546875 0.43675781 0.4246875
 0.43851563 0.42191406 0.4184375 0.41699219 0.43300781 0.43039063
 0.4075 0.41828125 0.41484375 0.4065625 0.41261719 0.42054687
 0.41347656 0.40953125 0.41179688 0.40621094 0.41898438 0.41089844
 0.43316406 0.41066406 0.42398438 0.41082031 0.40492187 0.40242187
 0.42886719 0.42484375 0.41953125 0.41800781 0.42007813 0.40117188
 0.41035156 0.40386719 0.4303125 0.40816406 0.3978125 0.41246094
 0.44371094 0.42296875 0.41480469 0.40695313 0.42710938 0.40101562
 0.40085938 0.41773437 0.42636719 0.41121094 0.41292969 0.4453125
 0.39910156 0.40488281 0.40792969 0.42128906 0.41144531 0.40695313
 0.40199219 0.425 0.42539063 0.41761719 0.40332031 0.40769531
 0.4090625 0.40316406 0.38785156 0.37824219 0.41558594 0.401875
 0.40976563 0.40605469 0.42488281 0.39964844 0.41796875 0.40277344
 0.40125 0.42171875 0.435 0.40105469 0.42734375 0.40691406
 0.42027344 0.38070312 0.40539063 0.41582031 0.42140625 0.37511719
 0.40554687 0.39097656 0.37871094 0.38332031 0.39878906 0.38414063
 0.42394531 0.39789062 0.40105469 0.4046875 0.38714844 0.40753906
 0.40269531 0.36910156 0.39070312 0.393125 0.39328125 0.38085938
 0.41046875 0.39421875 0.3775 0.38160156 0.36269531 0.39328125
 0.38445313 0.40070312 0.38324219 0.37511719 0.39796875 0.3859375
 0.40417969 0.37042969 0.37882813 0.39535156 0.39570312 0.39246094
 0.37402344 0.37128906 0.36222656 0.38777344 0.4021875 0.37929687
 0.38296875 0.38582031 0.378125 0.40632812 0.37226562 0.37609375
 0.41238281 0.38292969 0.41941406 0.3690625 0.36488281 0.3903125
 0.36730469 0.38652344 0.40878906 0.375 0.38136719 0.39402344
 0.35148438 0.37082031 0.35730469 0.3571875 0.355 0.38339844
 0.37890625 0.38125 0.36453125 0.36550781 0.35914062 0.38121094
 0.38292969 0.38867188 0.41835937 0.39152344 0.38722656 0.36375
 0.34316406 0.36824219 0.32503906 0.331875 0.36921875 0.36976562
 0.38292969 0.37800781 0.39390625 0.36949219 0.35542969 0.3878125
 0.37128906 0.385 0.39359375 0.43578125 0.40480469 0.37601563
 0.34445313 0.37933594 0.36257812 0.35679688 0.40726563 0.37214844
 0.38445313 0.36332031 0.36757812 0.36371094 0.39933594 0.35734375
 0.38203125 0.36820313 0.38320312 0.41222656 0.38292969 0.41425781
 0.35414062 0.384375 0.33449219 0.35324219 0.37292969 0.36917969
 0.39210937 0.37933594 0.37902344 0.37183594 0.37480469 0.38914063
 0.36105469 0.37273438 0.3665625 0.33457031 0.34375 0.38597656
 0.3653125 0.38914063 0.34214844 0.36359375 0.36523438 0.35457031
 0.35773437 0.38179687 0.38414063 0.3725 0.37839844 0.375
 0.36773438 0.37914063 0.36476562 0.39011719 0.36226562 0.35140625
 0.38710937 0.32867188 0.31464844 0.3746875 0.34972656 0.41546875
 0.36082031 0.34972656 0.32421875 0.34664062 0.36972656 0.39390625
 0.3503125 0.39007812 0.35355469 0.40710937 0.35082031 0.36414062
 0.3565625 0.32726563 0.35554687 0.35941406 0.35117188 0.34644531
 0.37804688 0.35914062 0.34320312 0.33730469 0.38808594 0.32179687
 0.34726563 0.31976562 0.35992188 0.34589844 0.35367188 0.36402344
 0.34121094 0.36972656 0.35398438 0.33910156 0.34777344 0.34765625
 0.32957031 0.35292969 0.35851563 0.3309375 0.336875 0.36007813
 0.34851562 0.36730469 0.34765625 0.35539063 0.33890625 0.34292969
 0.3671875 0.393125 0.38933594 0.36273437 0.361875 0.33160156
 0.38078125 0.36699219 0.33226563 0.36050781 0.33410156 0.34910156
 0.33222656 0.34925781 0.38136719 0.34863281 0.34730469 0.34761719
 0.35277344 0.33179687 0.34414062 0.39566406 0.32960937 0.36921875
 0.39523438 0.335625 0.33417969 0.33695313 0.40980469 0.37101563
 0.35578125 0.32789062 0.31714844 0.39285156 0.32203125 0.38378906
 0.32257812 0.34851562 0.37609375 0.34058594 0.31824219 0.3175
 0.35921875 0.36121094 0.34066406 0.34558594 0.35816406 0.31976562
 0.34636719 0.33800781 0.35597656 0.3484375 0.3403125 0.3584375
 0.33957031 0.35289063 0.34640625 0.34488281 0.34882812 0.34171875
 0.32753906 0.32625 0.3375 0.35929688 0.37789062 0.36832031
 0.34039063 0.34085938 0.36617187 0.30949219 0.35554687 0.34671875
 0.33941406 0.36050781 0.34351562 0.36667969 0.34144531 0.35828125
 0.35863281 0.34894531 0.31566406 0.37707031 0.35675781 0.39175781
 0.34226563 0.33605469 0.36449219 0.35949219 0.36222656 0.33339844
 0.34570312 0.34664062 0.35832031 0.3378125 0.36324219 0.31542969
 0.32734375 0.35109375 0.35710938 0.34140625 0.35726562 0.39402344
 0.3334375 0.31710938 0.41804687 0.33214844 0.34878906 0.37273438
 0.37523438 0.34667969 0.35984375 0.31636719 0.34378906 0.33925781
 0.33324219 0.33753906 0.33925781 0.36226562 0.35820313 0.33316406
 0.35179688 0.36722656 0.34488281 0.34484375 0.34667969 0.32378906
 0.32878906 0.32433594 0.30199219 0.36742188 0.33207031 0.33375
 0.38714844 0.34804687 0.35042969 0.33488281 0.36027344 0.30496094
 0.32269531 0.33375 0.34191406 0.32996094 0.32859375 0.39984375
 0.35542969 0.3990625 0.36054687 0.35480469 0.37691406 0.32621094
 0.31328125 0.36023437 0.33316406 0.33992187 0.35394531 0.30742188
 0.31738281 0.37265625 0.31890625 0.32738281 0.37410156 0.33636719
 0.33632812 0.34519531 0.30117187 0.32925781 0.36710938 0.34238281
 0.33667969 0.35359375 0.35878906 0.30859375 0.31585937 0.34839844
 0.34429688 0.32949219 0.35472656 0.36375 0.33527344 0.3090625
 0.34402344 0.3271875 0.340625 0.33183594 0.33671875 0.39441406
 0.32355469 0.31316406 0.31867187 0.33367188 0.33882812 0.33207031
 0.30671875 0.34640625 0.32296875 0.36359375 0.33367188 0.31511719
 0.3025 0.33488281 0.34433594 0.29714844 0.3434375 0.31308594
 0.35257813 0.3165625 0.31429687 0.37078125 0.34984375 0.32839844
 0.32132813 0.33011719 0.34519531 0.32714844 0.32410156 0.3915625
 0.34453125 0.34558594 0.30792969 0.3140625 0.35746094 0.29832031
 0.34738281 0.35351562 0.32867188 0.34214844 0.33183594 0.30367187
 0.32164063 0.31578125 0.33121094 0.32394531 0.31527344 0.31628906
 0.33960937 0.33691406 0.35453125 0.36773438 0.29351563 0.32097656
 0.33746094 0.34902344 0.30210938 0.30675781 0.32539062 0.29195312
 0.35234375 0.33363281 0.30109375 0.32058594 0.32835938 0.33785156
 0.30570313 0.30847656 0.28167969 0.409375 0.32417969 0.31324219
 0.30683594 0.32933594 0.28476563 0.32183594 0.32945313 0.35113281
 0.32695313 0.32753906 0.36042969 0.28792969 0.30082031 0.33265625
 0.31472656 0.29761719 0.33441406 0.34574219 0.30851563 0.33398438
 0.28648438 0.31195312 0.29855469 0.35804687 0.28914062 0.300625
 0.29410156 0.30503906 0.32039062 0.30128906 0.35710938 0.30542969
 0.35953125 0.29886719 0.34800781 0.25429687 0.29480469 0.34390625
 0.30253906 0.33300781 0.28902344 0.316875 0.31671875 0.28335938
 0.31628906 0.33261719 0.31960937 0.3125 0.29148438 0.33667969
 0.26578125 0.32980469 0.34171875 0.349375 0.34605469 0.34550781
 0.35070313 0.31222656 0.34183594 0.30164062 0.29535156 0.30132813
 0.35664062 0.31320313 0.34777344 0.30425781 0.31289062 0.3003125
 0.35800781 0.30683594 0.33664063 0.329375 0.34777344 0.33847656
 0.28683594 0.31515625 0.29179688 0.310625 0.30589844 0.32703125
 0.29875 0.30398437 0.3146875 0.29019531 0.31914063 0.32542969
 0.31492188 0.32367187 0.31789062 0.28121094 0.32207031 0.29902344
 0.30765625 0.30703125 0.32816406 0.2878125 0.29398438 0.31601563
 0.31097656 0.3096875 0.30226562 0.30570313 0.34289063 0.33589844
 0.28238281 0.31640625 0.32617188 0.29316406 0.27875 0.33410156
 0.30320313 0.27664062 0.27464844 0.31121094 0.32207031 0.32058594
 0.2953125 0.34203125 0.30542969 0.33335938 0.32441406 0.34234375
 0.32359375 0.29863281 0.33105469 0.29601563 0.25886719 0.29046875
 0.31054688 0.33300781 0.3121875 0.30984375 0.27589844 0.34300781
 0.3134375 0.34757813 0.2928125 0.3109375 0.33335938 0.353125
 0.32320312 0.33121094 0.30308594 0.29398438 0.29367188 0.28765625
 0.3146875 0.3040625 0.32359375 0.27574219 0.31519531 0.304375
 0.32917969 0.31835938 0.29480469 0.28855469 0.3471875 0.29339844
 0.30011719 0.31839844 0.29144531 0.28894531 0.276875 0.32820312
 0.28515625 0.3040625 0.29699219 0.33371094 0.29074219 0.29503906
 0.29132812 0.29128906 0.33742187 0.27265625 0.27410156 0.29992188
 0.28003906 0.3040625 0.33957031 0.31339844 0.26398437 0.32269531
 0.32074219 0.32273438 0.32808594 0.30785156 0.29480469 0.29074219
 0.36371094 0.30351563 0.33015625 0.29707031 0.32203125 0.325625
 0.30371094 0.30695312 0.27910156 0.32046875 0.34804687 0.33144531
 0.32113281 0.29660156 0.35351562 0.31714844 0.33839844 0.3465625
 0.31140625 0.31566406 0.27605469 0.32394531 0.35382812 0.32886719
 0.32546875 0.29855469 0.29847656 0.30773438 0.31136719 0.313125
 0.32488281 0.30820313 0.34855469 0.29859375 0.30539063 0.3065625
 0.28226563 0.32988281 0.33382812 0.32136719 0.28003906 0.35089844
 0.31226562 0.32414063 0.30113281 0.29632812 0.29234375 0.32441406
 0.28402344 0.32351562 0.315625 0.29117188 0.30382813 0.32941406
 0.27433594 0.3078125 0.31574219 0.2821875 0.30699219 0.32363281
 0.30851563 0.295 0.33335938 0.34546875 0.47738281 0.48113281 0.48652344 0.47210937 0.49152344 0.4740625
 0.484375 0.46800781 0.47515625 0.49722656 0.47894531 0.46992187
 0.48648438 0.47933594 0.48554687 0.47605469 0.46640625 0.46996094
 0.47417969 0.47460938 0.47605469 0.46550781 0.4803125 0.47019531
 0.47609375 0.45894531 0.47304687 0.45179687 0.46941406 0.45257812
 0.46457031 0.46398438 0.45980469 0.45710937 0.44699219 0.45855469
 0.45214844 0.47214844 0.44828125 0.46414062 0.46058594 0.45078125
 0.46257813 0.4553125 0.45597656 0.44800781 0.46664062 0.47816406
 0.45570312 0.47398438 0.45304688 0.45214844 0.456875 0.46460937
 0.46789063 0.45402344 0.44839844 0.45285156 0.44246094 0.4559375
 0.45851562 0.45285156 0.45480469 0.44796875 0.4696875 0.47773437
 0.44894531 0.47957031 0.44574219 0.45484375 0.44496094 0.45960937
 0.44886719 0.47164062 0.4728125 0.44070312 0.4471875 0.44644531
 0.46777344 0.45902344 0.46675781 0.44 0.44164063 0.43257812
 0.44566406 0.45566406 0.44753906 0.44242188 0.43421875 0.43964844
 0.46171875 0.44878906 0.44574219 0.44085937 0.45070312 0.45898438
 0.45027344 0.44617187 0.44488281 0.43945312 0.44921875 0.451875
 0.45859375 0.44789062 0.44738281 0.44808594 0.45660156 0.43636719
 0.44316406 0.44777344 0.45585938 0.45351562 0.45859375 0.45757813
 0.445 0.45199219 0.43648437 0.44449219 0.44144531 0.44496094
 0.45339844 0.43449219 0.45023438 0.451875 0.43566406 0.45253906
 0.44039062 0.44410156 0.45640625 0.44199219 0.44972656 0.43933594
 0.43074219 0.43679687 0.44078125 0.4540625 0.44792969 0.43648437
 0.44289062 0.4346875 0.44195313 0.44414063 0.42886719 0.44359375
 0.44625 0.45046875 0.44230469 0.44710937 0.43945312 0.43355469
 0.440625 0.43589844 0.44527344 0.44027344 0.44917969 0.43664063
 0.44890625 0.44179687 0.43429688 0.44773438 0.43878906 0.43519531
 0.42765625 0.43171875 0.44128906 0.4328125 0.42652344 0.4484375
 0.42285156 0.43160156 0.43632813 0.43851563 0.42300781 0.450625
 0.43265625 0.44054688 0.4353125 0.44363281 0.41953125 0.42964844
 0.44394531 0.42886719 0.42519531 0.42488281 0.43460938 0.42660156
 0.42882813 0.42621094 0.43121094 0.430625 0.43207031 0.43054687
 0.4275 0.42460938 0.43230469 0.42445312 0.4303125 0.43027344
 0.42902344 0.42210938 0.42398438 0.42390625 0.42746094 0.43796875
 0.42570313 0.42222656 0.42058594 0.42238281 0.44023438 0.41207031
 0.41792969 0.43808594 0.41871094 0.45433594 0.43816406 0.42816406
 0.42882813 0.41976562 0.41304687 0.42121094 0.42648438 0.41742187
 0.42023437 0.42019531 0.43328125 0.42796875 0.415625 0.41285156
 0.42597656 0.42542969 0.41160156 0.41890625 0.42074219 0.41796875
 0.41433594 0.42371094 0.41292969 0.41886719 0.41195312 0.41058594
 0.42089844 0.40820312 0.40824219 0.42386719 0.43707031 0.39800781
 0.42636719 0.41566406 0.40140625 0.41777344 0.4015625 0.40253906
 0.41765625 0.41476563 0.43457031 0.39753906 0.41773437 0.40886719
 0.40957031 0.4271875 0.41390625 0.40972656 0.41066406 0.38746094
 0.41648438 0.40863281 0.41335937 0.40980469 0.41300781 0.40492187
 0.39917969 0.42113281 0.40234375 0.4353125 0.39359375 0.4321875
 0.42890625 0.41109375 0.41789063 0.41625 0.40191406 0.39636719
 0.40382812 0.40605469 0.40289063 0.40835938 0.41164062 0.41972656
 0.40457031 0.4103125 0.41171875 0.40148438 0.40492187 0.38101563
 0.41285156 0.42679688 0.42910156 0.41050781 0.40953125 0.405
 0.38792969 0.38730469 0.39839844 0.39726563 0.40605469 0.39066406
 0.39886719 0.41636719 0.40164062 0.40675781 0.41609375 0.3740625
 0.38078125 0.41734375 0.40925781 0.40347656 0.36539063 0.39511719
 0.40632812 0.40035156 0.394375 0.435 0.37074219 0.41488281
 0.37003906 0.39082031 0.3946875 0.38167969 0.40367188 0.4125
 0.38203125 0.4025 0.40925781 0.38707031 0.41097656 0.3884375
 0.405 0.40226563 0.3921875 0.41769531 0.38335938 0.40691406
 0.3684375 0.38519531 0.4028125 0.40777344 0.41492187 0.43277344
 0.38675781 0.37792969 0.3965625 0.37039062 0.41421875 0.37703125
 0.39035156 0.35328125 0.39859375 0.39285156 0.40570312 0.36761719
 0.42128906 0.365625 0.37019531 0.3590625 0.375 0.37125
 0.3559375 0.37503906 0.37257812 0.37433594 0.35605469 0.39921875
 0.38265625 0.3859375 0.375625 0.35082031 0.4065625 0.35960938
 0.37875 0.36339844 0.36921875 0.39003906 0.36523438 0.368125
 0.37449219 0.36234375 0.38148437 0.38820312 0.38316406 0.38296875
 0.41140625 0.38050781 0.37296875 0.36128906 0.38628906 0.36679688
 0.39457031 0.36019531 0.39398437 0.34285156 0.35433594 0.38273438
 0.38 0.34761719 0.35417969 0.3796875 0.39027344 0.37472656
 0.36222656 0.36011719 0.4071875 0.42238281 0.37574219 0.34445313
 0.35363281 0.36011719 0.36726562 0.35300781 0.40109375 0.35886719
 0.38042969 0.361875 0.35875 0.36308594 0.37195312 0.368125
 0.36425781 0.38070312 0.35492187 0.35839844 0.39652344 0.34894531
 0.42035156 0.35082031 0.35085937 0.35394531 0.3884375 0.38277344
 0.37203125 0.35738281 0.37730469 0.35851563 0.33578125 0.33773437
 0.34378906 0.35933594 0.37523438 0.34871094 0.40199219 0.34859375
 0.41164062 0.39070312 0.34933594 0.37765625 0.36976562 0.36097656
 0.33917969 0.35421875 0.3534375 0.37207031 0.36746094 0.35519531
 0.38113281 0.36179688 0.35339844 0.40457031 0.36914062 0.33441406
 0.34871094 0.37136719 0.37964844 0.32214844 0.34171875 0.38644531
 0.33839844 0.38757812 0.38332031 0.34105469 0.3228125 0.35710938
 0.38445313 0.35816406 0.36363281 0.34101562 0.36035156 0.33972656
 0.33820312 0.38894531 0.37949219 0.37351563 0.39210937 0.36058594
 0.32449219 0.35484375 0.34675781 0.3471875 0.35511719 0.34320312
 0.34214844 0.38019531 0.33292969 0.38140625 0.34644531 0.39394531
 0.32304688 0.35613281 0.36957031 0.39285156 0.35082031 0.35898438
 0.36738281 0.34445313 0.35851563 0.356875 0.36335937 0.34019531
 0.37101563 0.38125 0.33554688 0.36046875 0.3375 0.34726563
 0.3178125 0.346875 0.3715625 0.36714844 0.33621094 0.34386719
 0.35003906 0.32734375 0.34433594 0.34691406 0.38394531 0.36113281
 0.31984375 0.37332031 0.36042969 0.36117187 0.38894531 0.33417969
 0.34765625 0.33609375 0.38570312 0.385 0.33851562 0.35953125
 0.32882813 0.36875 0.3690625 0.35722656 0.34707031 0.33785156
 0.31882813 0.36949219 0.33929687 0.35417969 0.3784375 0.35855469
 0.32738281 0.36277344 0.35933594 0.34585938 0.36753906 0.33925781
 0.37367187 0.33214844 0.32832031 0.39835938 0.36863281 0.32867188
 0.33429687 0.35804687 0.34914062 0.36050781 0.36007813 0.34058594
 0.35597656 0.34371094 0.36683594 0.34136719 0.35984375 0.345625
 0.34511719 0.37125 0.34402344 0.33613281 0.32464844 0.39234375
 0.33980469 0.34625 0.36457031 0.318125 0.355625 0.35050781
 0.35550781 0.34386719 0.31859375 0.35542969 0.35351562 0.33394531
 0.33761719 0.33613281 0.35054687 0.33195313 0.34828125 0.30683594
 0.38492188 0.37140625 0.36460938 0.30679688 0.35699219 0.32230469
 0.32992187 0.33316406 0.33347656 0.36011719 0.34703125 0.34101562
 0.34519531 0.35019531 0.35332031 0.3334375 0.35601563 0.35230469
 0.35886719 0.34566406 0.33597656 0.39066406 0.33839844 0.34539063
 0.33121094 0.35730469 0.35433594 0.34671875 0.32996094 0.36394531
 0.333125 0.35832031 0.32835938 0.35019531 0.34117188 0.33898438
 0.34160156 0.37855469 0.36683594 0.36503906 0.34425781 0.37984375
 0.32765625 0.32140625 0.33796875 0.38070312 0.36855469 0.343125
 0.36265625 0.36652344 0.33265625 0.33507813 0.31125 0.33941406
 0.31121094 0.37132813 0.36527344 0.34644531 0.34605469 0.36183594
 0.33777344 0.32542969 0.33886719 0.32382813 0.37257812 0.33386719
 0.3040625 0.32367187 0.32878906 0.333125 0.34894531 0.35242187
 0.30582031 0.3334375 0.32503906 0.36011719 0.32113281 0.31886719
 0.31003906 0.3490625 0.33023438 0.34515625 0.320625 0.34203125
 0.33375 0.39394531 0.34085938 0.34675781 0.3228125 0.30777344
 0.32 0.33089844 0.354375 0.360625 0.338125 0.33695313
 0.33847656 0.32230469 0.32382813 0.35597656 0.3084375 0.3396875
 0.35105469 0.28808594 0.30917969 0.32238281 0.35753906 0.30925781
 0.31132813 0.351875 0.34125 0.31402344 0.32402344 0.35351562
 0.33660156 0.34691406 0.3765625 0.33257813 0.34699219 0.32136719
 0.37265625 0.31613281 0.34515625 0.33160156 0.30558594 0.31726562
 0.32710937 0.29265625 0.32339844 0.31636719 0.32566406 0.35472656
 0.32058594 0.3346875 0.33210937 0.34558594 0.38480469 0.32335938
 0.30394531 0.33960937 0.32375 0.32164063 0.32589844 0.298125
 0.3290625 0.37535156 0.32304688 0.32386719 0.30699219 0.33042969
 0.37457031 0.30179688 0.31390625 0.33175781 0.36285156 0.34460937
 0.31503906 0.31917969 0.31375 0.34453125 0.32082031 0.31433594
 0.30851563 0.30988281 0.321875 0.293125 0.31394531 0.32609375
 0.30171875 0.32167969 0.33296875 0.30441406 0.37449219 0.31601563
 0.30984375 0.29953125 0.32039062 0.35019531 0.33640625 0.35230469
 0.31496094 0.30066406 0.29761719 0.30136719 0.34929688 0.28894531
 0.28882812 0.28152344 0.30523438 0.2878125 0.31925781 0.30378906
 0.32308594 0.33117188 0.29378906 0.344375 0.32511719 0.32429687
 0.29347656 0.30492188 0.32964844 0.31042969 0.32074219 0.32242188
 0.31867187 0.30433594 0.28257813 0.27152344 0.29132812 0.3478125
 0.32269531 0.33828125 0.36207031 0.30039063 0.29050781 0.29621094
 0.30304687 0.31949219 0.31839844 0.3265625 0.29097656 0.31054688
 0.31175781 0.37109375 0.31675781 0.31554688 0.30925781 0.31449219
 0.33710937 0.30714844 0.29851563 0.34820313 0.29160156 0.2815625
 0.290625 0.31265625 0.31542969 0.32746094 0.30207031 0.30171875
 0.28464844 0.32167969 0.34359375 0.3225 0.34890625 0.28148438
 0.34289063 0.34605469 0.3340625 0.36785156 0.33550781 0.33304688
 0.31824219 0.31464844 0.35894531 0.30886719 0.31214844 0.28570313
 0.30445312 0.33203125 0.33140625 0.32972656 0.34453125 0.30988281
 0.31894531 0.32445313 0.27910156 0.31117187 0.29917969 0.33019531
 0.32070312 0.32324219 0.32988281 0.34703125 0.28738281 0.32679687
 0.30171875 0.31078125 0.33109375 0.29875 0.30730469 0.31195312
 0.30976562 0.3546875 0.31640625 0.30367187 0.30039063 0.32019531
 0.37648437 0.31253906 0.31777344 0.29632812 0.28261719 0.30816406
 0.30140625 0.30355469 0.29003906 0.31109375 0.28597656 0.27625
 0.30261719 0.35882812 0.29460938 0.28039063 0.32261719 0.2890625
 0.32414063 0.31796875 0.29390625 0.33238281 0.31113281 0.33929687
 0.32296875 0.32269531 0.28707031 0.31273438 0.30671875 0.35160156
 0.29402344 0.30667969 0.34597656 0.2725 0.31707031 0.32667969
 0.34433594 0.33414063 0.32652344 0.29015625 0.29742188 0.32164063
 0.32976563 0.3284375 0.31949219 0.33671875 0.32621094 0.28359375
 0.29417969 0.30253906 0.29796875 0.33503906 0.31953125 0.3246875
 0.31949219 0.27570312 0.28804687 0.31457031 0.291875 0.34023437
 0.30796875 0.32777344 0.30164062 0.36703125 0.28273437 0.37757812
 0.3053125 0.28878906 0.30695312 0.32457031 0.31160156 0.32507812
 0.31863281 0.34445313 0.30125 0.33675781 0.32171875 0.31339844
 0.33910156 0.30507812 0.28132812 0.31339844 0.31433594 0.33441406
 0.31710938 0.30503906 0.30019531 0.30035156 0.30527344 0.34867188
 0.31140625 0.29636719 0.29898438 0.29375 0.31835938 0.325
 0.29582031 0.3090625 0.30886719 0.33554688 0.28949219 0.31804688
 0.319375 0.32183594 0.2871875 0.29046875 0.44097656 0.44179687 0.4446875 0.44175781 0.41429688 0.44429687
 0.44425781 0.43808594 0.42773438 0.42347656 0.41859375 0.41761719
 0.41941406 0.40460937 0.41558594 0.42289063 0.43839844 0.42367187
 0.40460937 0.4171875 0.40394531 0.41625 0.40859375 0.44636719
 0.39722656 0.42378906 0.41289063 0.39371094 0.41546875 0.41015625
 0.3925 0.41441406 0.37746094 0.40414062 0.4209375 0.40542969
 0.39570312 0.42335937 0.38199219 0.38445313 0.40167969 0.41449219
 0.3765625 0.41929688 0.40984375 0.39796875 0.39019531 0.41546875
 0.41550781 0.38675781 0.3771875 0.39171875 0.400625 0.39710937
 0.39285156 0.43300781 0.36277344 0.385 0.41628906 0.39859375
 0.42339844 0.40453125 0.40375 0.40363281 0.35957031 0.40996094
 0.38167969 0.40460937 0.3990625 0.37804688 0.38996094 0.38539062
 0.41277344 0.37859375 0.41148438 0.36402344 0.3978125 0.36359375
 0.36644531 0.3875 0.383125 0.38707031 0.38230469 0.38515625
 0.44382813 0.38535156 0.37089844 0.36847656 0.41324219 0.3753125
 0.38539062 0.38636719 0.38867188 0.39058594 0.39378906 0.40367188
 0.37285156 0.38707031 0.37171875 0.38242188 0.38671875 0.37773438
 0.3609375 0.38652344 0.39167969 0.385 0.39726563 0.36976562
 0.3784375 0.38507812 0.39328125 0.34488281 0.35847656 0.37507812
 0.33535156 0.37652344 0.3625 0.35542969 0.37757812 0.36425781
 0.3659375 0.37019531 0.38394531 0.37632813 0.36574219 0.38625
 0.38074219 0.370625 0.37816406 0.37011719 0.380625 0.37363281
 0.38890625 0.35851563 0.34527344 0.40640625 0.36570313 0.36527344
 0.36300781 0.35058594 0.34382812 0.36378906 0.37046875 0.36421875
 0.36503906 0.38113281 0.37144531 0.37320313 0.35765625 0.38242188
 0.32855469 0.34867188 0.37375 0.41152344 0.36449219 0.33542969
 0.33417969 0.35398438 0.32601562 0.35 0.34101562 0.37914063
 0.37195312 0.36160156 0.33417969 0.36382813 0.36429688 0.38101563
 0.36082031 0.37785156 0.36664062 0.343125 0.39503906 0.378125
 0.34691406 0.35097656 0.35546875 0.37261719 0.36429688 0.3403125
 0.35019531 0.34925781 0.35878906 0.35898438 0.33421875 0.3578125
 0.39410156 0.36550781 0.36777344 0.37429687 0.39207031 0.35550781
 0.36734375 0.33160156 0.36308594 0.39519531 0.34472656 0.35035156
 0.3590625 0.34253906 0.32507812 0.32605469 0.36898437 0.3328125
 0.36382813 0.37277344 0.33394531 0.3490625 0.3684375 0.35128906
 0.3721875 0.36097656 0.37136719 0.36273437 0.38632813 0.360625
 0.33667969 0.36269531 0.39726563 0.34953125 0.37136719 0.34410156
 0.38722656 0.34464844 0.38746094 0.36234375 0.38378906 0.36738281
 0.34550781 0.34402344 0.36769531 0.39769531 0.37394531 0.32847656
 0.36992188 0.36957031 0.35898438 0.36445312 0.37113281 0.3825
 0.3715625 0.37953125 0.34828125 0.33589844 0.34941406 0.34324219
 0.3640625 0.37238281 0.39839844 0.32734375 0.36851563 0.34355469
 0.34433594 0.35960938 0.3496875 0.3740625 0.32867188 0.34488281
 0.32417969 0.33328125 0.37273438 0.33238281 0.34289063 0.35449219
 0.31632813 0.36617187 0.35316406 0.3465625 0.41585937 0.30957031
 0.35816406 0.34492187 0.35027344 0.31933594 0.33679687 0.3309375
 0.355 0.33527344 0.35863281 0.33917969 0.3721875 0.34203125
 0.40007813 0.33785156 0.3353125 0.34964844 0.36472656 0.35769531
 0.35351562 0.318125 0.33296875 0.35382812 0.34136719 0.31960937
 0.32992187 0.35378906 0.34152344 0.32160156 0.33949219 0.33722656
 0.35671875 0.35636719 0.365 0.36355469 0.32519531 0.33132812
 0.38671875 0.33230469 0.32125 0.35242187 0.36328125 0.30726562
 0.3153125 0.34664062 0.33429687 0.32980469 0.35757813 0.33601562
 0.374375 0.3446875 0.39191406 0.38925781 0.32875 0.32480469
 0.35882812 0.36246094 0.35066406 0.31550781 0.38261719 0.40152344
 0.32394531 0.33617188 0.33070312 0.34855469 0.35445312 0.36808594
 0.40796875 0.38367187 0.34191406 0.32109375 0.32707031 0.38066406
 0.33121094 0.34394531 0.33394531 0.319375 0.31960937 0.34289063
 0.3528125 0.35957031 0.33160156 0.34019531 0.36140625 0.32214844
 0.33410156 0.32660156 0.31984375 0.34503906 0.32398437 0.34375
 0.29160156 0.37183594 0.32082031 0.31523438 0.34820313 0.34304687
 0.34855469 0.32769531 0.35078125 0.29863281 0.33277344 0.32226562
 0.33164063 0.33992187 0.36066406 0.34875 0.33402344 0.35347656
 0.33125 0.30222656 0.35730469 0.35167969 0.35515625 0.3325
 0.31902344 0.34878906 0.34917969 0.30820313 0.34542969 0.37339844
 0.32730469 0.34886719 0.32207031 0.33679687 0.3515625 0.34757813
 0.31332031 0.33363281 0.32050781 0.3746875 0.34507813 0.32238281
 0.37960938 0.34648438 0.34042969 0.32140625 0.3553125 0.32234375
 0.34296875 0.32839844 0.33234375 0.35734375 0.35128906 0.38574219
 0.32019531 0.34714844 0.35945312 0.35285156 0.31429687 0.3465625
 0.35160156 0.35828125 0.34160156 0.31554688 0.33792969 0.3503125
 0.3121875 0.38484375 0.30175781 0.3015625 0.37027344 0.30097656
 0.31214844 0.35488281 0.32941406 0.37128906 0.35738281 0.33441406
 0.306875 0.32554688 0.30160156 0.32917969 0.35367188 0.30695312
 0.31292969 0.33019531 0.33835938 0.37816406 0.315 0.32542969
 0.31847656 0.34433594 0.37285156 0.31535156 0.355625 0.34742187
 0.33515625 0.35371094 0.32738281 0.31183594 0.35667969 0.33183594
 0.31542969 0.32371094 0.33785156 0.30847656 0.36609375 0.31484375
 0.30683594 0.33140625 0.27785156 0.35234375 0.36328125 0.3534375
 0.3203125 0.33847656 0.31105469 0.3159375 0.33066406 0.34546875
 0.32222656 0.30484375 0.31855469 0.34734375 0.32191406 0.30582031
 0.27769531 0.34113281 0.35984375 0.32957031 0.34375 0.29847656
 0.31125 0.31203125 0.32625 0.37 0.31628906 0.3196875
 0.34050781 0.32328125 0.34960938 0.31722656 0.29785156 0.34753906
 0.33898438 0.32398437 0.30035156 0.29671875 0.34695312 0.41148438
 0.31273438 0.28425781 0.33488281 0.33828125 0.316875 0.32234375
 0.31761719 0.30808594 0.3665625 0.30238281 0.3253125 0.318125
 0.32058594 0.33652344 0.29253906 0.320625 0.34957031 0.359375
 0.34832031 0.32496094 0.28921875 0.29925781 0.32382813 0.33902344
 0.30425781 0.32980469 0.3071875 0.31980469 0.29550781 0.30125
 0.30464844 0.31535156 0.3446875 0.31085937 0.30382813 0.31488281
 0.30648437 0.28175781 0.315 0.34210937 0.3053125 0.30246094
 0.32910156 0.30949219 0.34070312 0.33484375 0.29058594 0.28195313
 0.336875 0.35535156 0.33546875 0.31871094 0.30773438 0.32011719
 0.31761719 0.29023437 0.28863281 0.29871094 0.29019531 0.32
 0.2865625 0.3415625 0.31089844 0.33398438 0.31574219 0.31105469
 0.30972656 0.32941406 0.29214844 0.34953125 0.34214844 0.30417969
 0.33960937 0.30714844 0.30195312 0.32386719 0.33875 0.30746094
 0.32644531 0.29226562 0.3571875 0.31121094 0.3509375 0.29320313
 0.36324219 0.29355469 0.29308594 0.31953125 0.30445312 0.30058594
 0.31714844 0.32488281 0.32121094 0.33003906 0.344375 0.31019531
 0.31519531 0.33820312 0.30390625 0.32457031 0.30265625 0.29773437
 0.30644531 0.34058594 0.28699219 0.30183594 0.27558594 0.34351562
 0.29085937 0.34035156 0.29898438 0.31746094 0.3153125 0.33367188
 0.32960937 0.31890625 0.3240625 0.30191406 0.33667969 0.34152344
 0.34695312 0.33 0.35046875 0.32472656 0.291875 0.30445312
 0.30613281 0.29417969 0.33535156 0.26488281 0.31324219 0.31921875
 0.29875 0.31 0.33710937 0.35910156 0.34785156 0.32109375
 0.32257812 0.26570312 0.28738281 0.31148437 0.32054688 0.2878125
 0.31265625 0.319375 0.36910156 0.28789063 0.29613281 0.33800781
 0.35378906 0.32246094 0.32308594 0.31578125 0.32070312 0.32132813
 0.27878906 0.31164063 0.29375 0.35277344 0.29453125 0.32316406
 0.30375 0.31453125 0.27675781 0.31605469 0.348125 0.28894531
 0.32671875 0.33050781 0.30953125 0.32011719 0.36179688 0.30621094
 0.33003906 0.34113281 0.32945313 0.30925781 0.32617188 0.32734375
 0.30507812 0.31417969 0.32507812 0.33953125 0.38613281 0.336875
 0.31113281 0.30777344 0.31304688 0.26769531 0.28449219 0.31480469
 0.31308594 0.33757813 0.35125 0.31738281 0.29832031 0.32
 0.31792969 0.309375 0.3065625 0.33773437 0.2884375 0.3140625
 0.31171875 0.34960938 0.30148438 0.33847656 0.32054688 0.34996094
 0.31464844 0.31433594 0.27425781 0.28328125 0.31335937 0.34890625
 0.31726562 0.34140625 0.32601562 0.308125 0.30941406 0.31042969
 0.31054688 0.30304687 0.285 0.2990625 0.32433594 0.28988281
 0.35925781 0.29738281 0.33890625 0.34261719 0.316875 0.28332031
 0.32960937 0.32199219 0.29621094 0.27191406 0.28484375 0.35976562
 0.30363281 0.27464844 0.32625 0.33488281 0.32679687 0.34964844
 0.34460937 0.36433594 0.32347656 0.30890625 0.32261719 0.34429688
 0.32882813 0.301875 0.27925781 0.3725 0.30171875 0.31277344
 0.32359375 0.28511719 0.36765625 0.32917969 0.30441406 0.29832031
 0.29828125 0.31210938 0.31546875 0.29152344 0.309375 0.34011719
 0.30539063 0.33941406 0.30644531 0.33257813 0.28453125 0.32460937
 0.31601563 0.30152344 0.3425 0.30570313 0.31890625 0.30753906
 0.3459375 0.29265625 0.36515625 0.3190625 0.31074219 0.31765625
 0.31847656 0.316875 0.33570312 0.30941406 0.32367187 0.31460938
 0.28710938 0.27476563 0.30976562 0.30628906 0.29324219 0.34148438
 0.29292969 0.36816406 0.32367187 0.2778125 0.30824219 0.34898438
 0.3253125 0.33230469 0.29398438 0.26929687 0.31699219 0.29597656
 0.37171875 0.31507812 0.28144531 0.29601563 0.27308594 0.30078125
 0.3153125 0.29566406 0.29871094 0.33753906 0.309375 0.32273438
 0.31558594 0.31722656 0.32386719 0.32136719 0.33261719 0.30785156
 0.29273437 0.30378906 0.3171875 0.30507812 0.34027344 0.37832031
 0.3028125 0.32195313 0.34238281 0.32523438 0.30414062 0.36398438
 0.30855469 0.30851563 0.37398437 0.33355469 0.29714844 0.31269531
 0.27171875 0.29535156 0.33800781 0.30265625 0.32542969 0.33773437
 0.32183594 0.29769531 0.314375 0.28410156 0.29066406 0.32652344
 0.30621094 0.27988281 0.30410156 0.29175781 0.30875 0.30847656
 0.31078125 0.29722656 0.34527344 0.31726562 0.3234375 0.30515625
 0.28921875 0.30425781 0.339375 0.36648437 0.30703125 0.30488281
 0.32609375 0.27808594 0.28582031 0.33050781 0.33703125 0.37875
 0.33160156 0.34433594 0.32425781 0.29476562 0.36941406 0.30082031
 0.34667969 0.31128906 0.30753906 0.3684375 0.30492188 0.28046875
 0.33015625 0.35261719 0.35492187 0.33210937 0.30460938 0.29378906
 0.33042969 0.32554688 0.31554688 0.30265625 0.29871094 0.32871094
 0.29652344 0.34957031 0.27511719 0.29144531 0.28328125 0.31605469
 0.34777344 0.28792969 0.289375 0.29460938 0.29957031 0.3134375
 0.29359375 0.31632813 0.29140625 0.31640625 0.371875 0.29113281
 0.2915625 0.32367187 0.31011719 0.29078125 0.30964844 0.33898438
 0.30132813 0.30214844 0.3284375 0.33332031 0.3478125 0.31765625
 0.33085938 0.32945313 0.28867188 0.31472656 0.29800781 0.29859375
 0.36847656 0.31625 0.34070312 0.3140625 0.31820312 0.318125
 0.28296875 0.35410156 0.29589844 0.3184375 0.27300781 0.3153125
 0.34035156 0.31449219 0.3159375 0.31738281 0.33859375 0.30234375
 0.33246094 0.30121094 0.31835938 0.30542969 0.27980469 0.32828125
 0.31433594 0.31167969 0.36667969 0.309375 0.31523438 0.35636719
 0.34328125 0.32492188 0.33289062 0.36484375 0.33027344 0.35089844
 0.32058594 0.30316406 0.27804688 0.29382812 0.32242188 0.33695313
 0.30296875 0.29214844 0.25980469 0.32863281 0.46589844 0.43382813 0.45023438 0.43398437 0.44242188 0.44128906
 0.43796875 0.45421875 0.44613281 0.44207031 0.46523437 0.4384375
 0.42640625 0.42238281 0.42234375 0.41722656 0.42515625 0.46101562
 0.44421875 0.41832031 0.43824219 0.40484375 0.43125 0.41730469
 0.42882813 0.42257813 0.39703125 0.41222656 0.44929687 0.3984375
 0.43898437 0.38386719 0.42644531 0.39722656 0.40335938 0.40929688
 0.41097656 0.41199219 0.41304687 0.41945312 0.40203125 0.38988281
 0.41011719 0.36945312 0.40644531 0.38882813 0.41667969 0.39371094
 0.39964844 0.41601562 0.42066406 0.41042969 0.41421875 0.39683594
 0.42234375 0.40921875 0.40394531 0.41339844 0.40832031 0.40371094
 0.43242188 0.38421875 0.39652344 0.38 0.40664062 0.38257812
 0.40964844 0.41820313 0.39816406 0.40003906 0.3921875 0.36867187
 0.38832031 0.39335938 0.41480469 0.40726563 0.39402344 0.38210937
 0.37316406 0.37082031 0.40382812 0.40386719 0.38539062 0.40003906
 0.39941406 0.39363281 0.37101563 0.37207031 0.35832031 0.39421875
 0.383125 0.38738281 0.39878906 0.39183594 0.38109375 0.36832031
 0.45527344 0.37324219 0.41753906 0.35363281 0.37761719 0.37929687
 0.41183594 0.39082031 0.36921875 0.36878906 0.39644531 0.37757812
 0.38941406 0.38914063 0.40003906 0.39726563 0.366875 0.40289063
 0.41082031 0.38949219 0.38578125 0.40347656 0.3925 0.36902344
 0.35769531 0.43121094 0.38792969 0.39625 0.37414063 0.36265625
 0.38371094 0.36820313 0.40066406 0.36425781 0.33847656 0.38359375
 0.3828125 0.36496094 0.40886719 0.3778125 0.38261719 0.39570312
 0.40898438 0.348125 0.35367188 0.37242188 0.36476562 0.36972656
 0.39070312 0.35851563 0.38785156 0.41203125 0.36703125 0.38109375
 0.40191406 0.3659375 0.3703125 0.41472656 0.37929687 0.40140625
 0.3690625 0.3659375 0.36980469 0.37359375 0.35878906 0.37332031
 0.37003906 0.35777344 0.35488281 0.35964844 0.3559375 0.35003906
 0.35753906 0.3746875 0.34503906 0.37847656 0.35007813 0.37445312
 0.36679688 0.35402344 0.42441406 0.35660156 0.3803125 0.3559375
 0.36890625 0.32320312 0.35703125 0.37578125 0.36636719 0.33488281
 0.36007813 0.37007812 0.371875 0.36726562 0.37210938 0.35542969
 0.37074219 0.38914063 0.36265625 0.3559375 0.31980469 0.39152344
 0.34949219 0.35464844 0.36816406 0.34730469 0.36945312 0.37542969
 0.34804687 0.32382813 0.35828125 0.38753906 0.38886719 0.37226562
 0.36128906 0.35230469 0.38792969 0.35898438 0.34921875 0.35558594
 0.38125 0.37429687 0.34121094 0.34523437 0.33738281 0.37289062
 0.36761719 0.35898438 0.37566406 0.37738281 0.35175781 0.37496094
 0.3465625 0.34523437 0.36648437 0.35382812 0.33117188 0.34820313
 0.37386719 0.34691406 0.3475 0.35757813 0.35828125 0.33042969
 0.3934375 0.34890625 0.35160156 0.34652344 0.34074219 0.35503906
 0.34675781 0.34746094 0.3565625 0.36546875 0.36863281 0.36234375
 0.35007813 0.39136719 0.3325 0.35542969 0.32671875 0.35914062
 0.31640625 0.38074219 0.32582031 0.36988281 0.35105469 0.36820313
 0.33859375 0.31875 0.3659375 0.37996094 0.37335937 0.33871094
 0.35820313 0.37582031 0.34527344 0.35355469 0.37335937 0.35472656
 0.37320313 0.33695313 0.36132812 0.34570312 0.35785156 0.328125
 0.34996094 0.38332031 0.33398438 0.35921875 0.30742188 0.35550781
 0.35136719 0.38621094 0.37792969 0.35324219 0.34089844 0.37101563
 0.34289063 0.31746094 0.32535156 0.34429688 0.34304687 0.37398437
 0.33863281 0.33480469 0.33140625 0.3690625 0.33324219 0.36546875
 0.35832031 0.35851563 0.34214844 0.34625 0.36570313 0.34671875
 0.32324219 0.33914062 0.33003906 0.3590625 0.35613281 0.33789062
 0.39429687 0.39242187 0.34742187 0.34730469 0.35789063 0.33664063
 0.37101563 0.34847656 0.39144531 0.34097656 0.39886719 0.35148438
 0.36566406 0.363125 0.37277344 0.35382812 0.36789063 0.34746094
 0.35953125 0.34863281 0.34886719 0.34070312 0.34945312 0.36972656
 0.33039062 0.35191406 0.35746094 0.35484375 0.3090625 0.35972656
 0.37945313 0.38988281 0.35097656 0.35984375 0.33355469 0.32410156
 0.34414062 0.30472656 0.31695313 0.35648438 0.34054688 0.36355469
 0.33910156 0.33550781 0.36300781 0.33867188 0.36652344 0.345
 0.37242188 0.34070312 0.37566406 0.33691406 0.32410156 0.361875
 0.31757812 0.35273437 0.32984375 0.36609375 0.35605469 0.33589844
 0.35667969 0.36875 0.34617188 0.36003906 0.33476563 0.36796875
 0.32140625 0.32488281 0.3715625 0.34433594 0.31691406 0.32710937
 0.32554688 0.34792969 0.35128906 0.315625 0.3303125 0.30039063
 0.36695312 0.33980469 0.35875 0.35664062 0.33449219 0.31773438
 0.31527344 0.3665625 0.31574219 0.34039063 0.34375 0.32113281
 0.33808594 0.32273438 0.33472656 0.31742188 0.35898438 0.33492187
 0.33105469 0.34164062 0.34101562 0.34570312 0.30019531 0.34894531
 0.35996094 0.36707031 0.33886719 0.35347656 0.32304688 0.35066406
 0.3371875 0.32761719 0.33515625 0.33734375 0.33863281 0.33824219
 0.33488281 0.31578125 0.33890625 0.34328125 0.33132812 0.35105469
 0.30609375 0.34105469 0.33589844 0.35738281 0.34691406 0.35941406
 0.3275 0.35277344 0.34722656 0.32613281 0.3271875 0.33714844
 0.32964844 0.32984375 0.33753906 0.34085938 0.33742187 0.351875
 0.34613281 0.33421875 0.3615625 0.33058594 0.38777344 0.38890625
 0.32972656 0.35136719 0.30472656 0.33527344 0.35277344 0.37457031
 0.31832031 0.32257812 0.33496094 0.34480469 0.339375 0.33539062
 0.33503906 0.36289063 0.320625 0.30828125 0.34699219 0.34238281
 0.33242187 0.335625 0.34171875 0.34351562 0.31265625 0.30898437
 0.33699219 0.3321875 0.31476562 0.31492188 0.29132812 0.31785156
 0.32148437 0.309375 0.35765625 0.31707031 0.34820313 0.3496875
 0.35222656 0.3225 0.33511719 0.34496094 0.28667969 0.33125
 0.359375 0.31757812 0.27621094 0.30144531 0.31058594 0.33109375
 0.34046875 0.30597656 0.37285156 0.30230469 0.33414063 0.32441406
 0.27417969 0.3334375 0.35867187 0.29882812 0.29402344 0.26375
 0.3065625 0.33867188 0.30855469 0.33359375 0.30480469 0.2834375
 0.30410156 0.33 0.29726562 0.28046875 0.30507812 0.32910156
 0.33921875 0.37238281 0.32070312 0.30367187 0.31078125 0.31605469
 0.31566406 0.31109375 0.36253906 0.32699219 0.35402344 0.27433594
 0.31539062 0.31148437 0.30964844 0.28367188 0.33539062 0.313125
 0.32648437 0.32847656 0.3634375 0.33824219 0.28101562 0.3215625
 0.34996094 0.30445312 0.29726562 0.31320313 0.34121094 0.32105469
 0.30542969 0.30304687 0.30382813 0.29625 0.31976562 0.2953125
 0.29324219 0.32308594 0.29195312 0.30023437 0.3690625 0.35847656
 0.35828125 0.30105469 0.34757813 0.35792969 0.26980469 0.36085937
 0.28578125 0.32710937 0.31816406 0.31183594 0.33363281 0.34078125
 0.38726563 0.31351563 0.32175781 0.33160156 0.30515625 0.30015625
 0.32234375 0.37398437 0.29015625 0.30609375 0.32390625 0.30988281
 0.30835937 0.29734375 0.31199219 0.34910156 0.27957031 0.3234375
 0.32820312 0.31808594 0.29128906 0.28195313 0.33898438 0.31
 0.30429688 0.30246094 0.31761719 0.25054688 0.28929688 0.30496094
 0.35074219 0.28753906 0.35496094 0.35113281 0.34476563 0.32542969
 0.30597656 0.31546875 0.31171875 0.34386719 0.32074219 0.29066406
 0.31261719 0.31132813 0.29535156 0.30355469 0.33277344 0.31511719
 0.31367187 0.27820312 0.26804688 0.30433594 0.27800781 0.30941406
 0.31617187 0.29144531 0.31695313 0.27277344 0.2871875 0.33941406
 0.32726563 0.31578125 0.33167969 0.3096875 0.27269531 0.28039063
 0.29824219 0.35683594 0.33007812 0.36003906 0.363125 0.37378906
 0.315625 0.30765625 0.3321875 0.33316406 0.27460937 0.29957031
 0.33761719 0.30386719 0.30390625 0.31296875 0.2940625 0.34445313
 0.29851563 0.31554688 0.32273438 0.30230469 0.33511719 0.30058594
 0.29222656 0.28714844 0.30757812 0.314375 0.32351562 0.26066406
 0.301875 0.28859375 0.30527344 0.29902344 0.31863281 0.29296875
 0.31054688 0.353125 0.36800781 0.30152344 0.29941406 0.30476562
 0.3284375 0.285625 0.33242187 0.27234375 0.30128906 0.358125
 0.4065625 0.29660156 0.29476562 0.32664063 0.33503906 0.36679688
 0.2990625 0.29222656 0.32953125 0.25636719 0.31324219 0.339375
 0.3428125 0.33007812 0.32253906 0.29761719 0.28425781 0.27707031
 0.39554688 0.31527344 0.31652344 0.32023438 0.33285156 0.29210938
 0.32347656 0.28933594 0.29652344 0.37277344 0.32542969 0.36902344
 0.33644531 0.33046875 0.38085938 0.29792969 0.33050781 0.33058594
 0.33945313 0.35640625 0.28972656 0.28007813 0.3509375 0.35808594
 0.29621094 0.30707031 0.30832031 0.30953125 0.35679688 0.29679688
 0.30054687 0.34660156 0.29824219 0.30421875 0.29558594 0.34253906
 0.28738281 0.298125 0.30589844 0.31046875 0.32328125 0.33636719
 0.36902344 0.3396875 0.33269531 0.30421875 0.35277344 0.31066406
 0.27757813 0.31527344 0.35148438 0.34550781 0.28832031 0.33027344
 0.30160156 0.30316406 0.281875 0.28742187 0.35273437 0.30699219
 0.33761719 0.27027344 0.29875 0.31851563 0.30867187 0.306875
 0.35691406 0.32105469 0.2971875 0.30914063 0.28734375 0.31292969
 0.31921875 0.31683594 0.33117188 0.29101562 0.35441406 0.31773438
 0.2903125 0.31054688 0.329375 0.30128906 0.35574219 0.31515625
 0.34320312 0.31710938 0.30875 0.28652344 0.32011719 0.29453125
 0.3071875 0.27855469 0.32375 0.32382813 0.28277344 0.32757812
 0.27109375 0.31671875 0.300625 0.29105469 0.29675781 0.38492188
 0.35113281 0.29675781 0.31855469 0.32363281 0.29761719 0.38578125
 0.33863281 0.31707031 0.32375 0.28917969 0.29222656 0.26753906
 0.32433594 0.31183594 0.28167969 0.30339844 0.29546875 0.32777344
 0.29691406 0.30421875 0.30195312 0.33464844 0.32488281 0.3084375
 0.30078125 0.33976563 0.27832031 0.31585937 0.29929688 0.27511719
 0.31640625 0.32898437 0.30832031 0.35796875 0.30554687 0.37042969
 0.32230469 0.32832031 0.28269531 0.37113281 0.30472656 0.30550781
 0.29589844 0.30265625 0.29285156 0.27933594 0.30929688 0.30847656
 0.27167969 0.330625 0.33601562 0.32328125 0.31882813 0.29558594
 0.30824219 0.315625 0.34527344 0.32429687 0.31554688 0.28054687
 0.31679687 0.30535156 0.3359375 0.30554687 0.2934375 0.34
 0.3090625 0.32464844 0.30023437 0.29199219 0.26421875 0.34960938
 0.33253906 0.36714844 0.29839844 0.29742188 0.28351562 0.34917969
 0.29386719 0.29707031 0.27785156 0.28585938 0.32996094 0.31046875
 0.30003906 0.32726563 0.33664063 0.32238281 0.30734375 0.28421875
 0.30011719 0.30273438 0.31199219 0.31941406 0.31804688 0.31847656
 0.33167969 0.27792969 0.26839844 0.29527344 0.3 0.34398438
 0.29984375 0.31785156 0.30335937 0.33386719 0.30039063 0.33472656
 0.31617187 0.30730469 0.31003906 0.33171875 0.30722656 0.30257812
 0.31640625 0.32882813 0.29871094 0.31851563 0.32367187 0.31300781
 0.34800781 0.31507812 0.30207031 0.30046875 0.325 0.32320312
 0.33964844 0.29710938 0.36132812 0.3284375 0.34183594 0.32375
 0.31 0.32570312 0.32085938 0.27023438 0.30679688 0.27902344
 0.32585938 0.32546875 0.31214844 0.330625 0.32878906 0.31523438
 0.35859375 0.29574219 0.28738281 0.28222656 0.31785156 0.32566406
 0.24535156 0.304375 0.36753906 0.30707031 0.3253125 0.29824219
 0.30628906 0.31109375 0.32390625 0.29261719 0.30960938 0.32976563
 0.35085937 0.33855469 0.3315625 0.32445313 0.32660156 0.27863281
 0.29476562 0.29800781 0.30425781 0.30703125 0.313125 0.33597656
 0.33007812 0.30816406 0.32960937 0.31992188