Without NQE Train Data: 
0.2686
Without NQE Test Data: 
0.2553
PCA-NQE Train Data: 
[0.11921608, 0.20769244, 0.3198653, 0.37720668, 0.40863657, 0.40502423, 0.39708203, 0.39924246, 0.39209625, 0.4045439, 0.39721146, 0.3965618, 0.38081235, 0.38592374, 0.38281518, 0.3786816, 0.37678656, 0.36975697, 0.3664264, 0.36250475, 0.37356701]
PCA-NQE Test Data: 
[0.12785743, 0.19777662, 0.34017247, 0.40455264, 0.43587548, 0.4326698, 0.4223347, 0.42415375, 0.41378593, 0.42424282, 0.4140046, 0.41444522, 0.39583942, 0.40072942, 0.3960202, 0.39097166, 0.3855231, 0.3743629, 0.36729062, 0.35896057, 0.37156394]
NQE Train Data: 
[0.05040152, 0.06592663, 0.09285825, 0.14939333, 0.27842855, 0.53237534, 0.62500745, 0.63381046, 0.61975497, 0.61618316, 0.5992533, 0.59690714, 0.59393024, 0.5963381, 0.5914166, 0.590096, 0.58899474, 0.59575915, 0.5875689, 0.5814731, 0.5796205]
NQE Test Data: 
[0.04133323, 0.05318221, 0.07361773, 0.11707121, 0.21947905, 0.43194017, 0.5320623, 0.5537752, 0.5527663, 0.5580627, 0.5450413, 0.5463921, 0.5473994, 0.5551405, 0.551369, 0.550738, 0.552645, 0.5666872, 0.5578964, 0.5514465, 0.55039614]
