0.50042055 0.51443628 0.54349468 0.50078586 0.50735967 0.52076816
 0.5030227 0.51844257 0.49729928 0.51504611 0.52809787 0.51254089
 0.52566044 0.52383705 0.5045962 0.51157968 0.51092407 0.5160022
 0.52397805 0.51109036 0.51441085 0.51005027 0.52926758 0.51496942
 0.5088218 0.52122957 0.51478239 0.52141788 0.50348685 0.5205279
 0.52264968 0.53150642 0.51072105 0.50801608 0.51987052 0.51839993
 0.47932361 0.51175924 0.50496819 0.48233554 0.48580798 0.48837201
 0.49188326 0.50280106 0.5198995 0.47660202 0.49542411 0.49288855
 0.48924022 0.50088059 0.47872333 0.50791866 0.49861319 0.50651301
 0.50163066 0.47740248 0.49563938 0.48695124 0.48647042 0.49401884
 0.49386841 0.500638 0.47353331 0.48692633 0.48371674 0.49979639
 0.48374488 0.49360098 0.45244131 0.49613999 0.5048069 0.50878925
 0.47530996 0.47775459 0.49473806 0.47793618 0.50508728 0.46309813
 0.47343118 0.49069009 0.45151511 0.48748804 0.49551978 0.47304417
 0.48317212 0.46806482 0.47641814 0.48160025 0.4771688 0.48178988
 0.48752533 0.44630619 0.49528263 0.46302033 0.48992933 0.46101539
 0.45807471 0.46274494 0.46952027 0.48708893 0.46111909 0.49002701
 0.48576474 0.4652682 0.46217785 0.49185503 0.46029659 0.47220076
 0.446469 0.45836836 0.46242148 0.46777693 0.44164369 0.49760487
 0.47371535 0.46247368 0.45338044 0.4611126 0.44542578 0.48268512
 0.46799301 0.48646132 0.47571758 0.48376546 0.46311244 0.47202662
 0.4375837 0.45645983 0.44300213 0.46440282 0.44759534 0.44645661
 0.45732891 0.44209291 0.447428 0.46339506 0.44806348 0.46322474
 0.47204192 0.43621524 0.45199502 0.46147559 0.44905141 0.47875084
 0.44448574 0.48019996 0.43316002 0.46386839 0.46142357 0.45824869
 0.46888468 0.44763793 0.43904461 0.43568656 0.44518507 0.46618995
 0.45345539 0.4628337 0.44284678 0.45517016 0.46629284 0.42965217
 0.46039702 0.45892854 0.43001369 0.45070081 0.45755176 0.46213771
 0.42471653 0.46871707 0.43318884 0.4525971 0.45159051 0.45308782
 0.43580376 0.4610695 0.44719792 0.46231978 0.45355064 0.47167577
 0.44993955 0.42602349 0.44970437 0.44373581 0.46101152 0.45016079
 0.44952021 0.42519447 0.48222334 0.42553104 0.4685926 0.42082999
 0.42924604 0.41672947 0.45929194 0.43554426 0.46218359 0.46699697
 0.47372135 0.40689708 0.43915895 0.47396152 0.4127512 0.40872291
 0.42645075 0.43972262 0.42082583 0.44319549 0.44039521 0.44363254
 0.43811613 0.45180988 0.4259374 0.44164975 0.47221458 0.44875321
 0.43154172 0.45311654 0.43296299 0.41284053 0.43423993 0.44603869
 0.45518568 0.42480505 0.45574467 0.45503573 0.47215559 0.46771725
 0.45752091 0.44861279 0.4211957 0.46564324 0.40605331 0.44643524
 0.45388293 0.44222419 0.44063176 0.39982601 0.41109364 0.40245261
 0.41682551 0.43637389 0.41495034 0.42455959 0.4402008 0.41413447
 0.42456916 0.46035825 0.4341421 0.44191121 0.41417102 0.40941607
 0.4098831 0.44234955 0.41439153 0.42795587 0.42135592 0.4391804
 0.42307678 0.45436659 0.44841596 0.44191334 0.44254802 0.43154723
 0.41433714 0.4143855 0.41277433 0.44275955 0.4275543 0.4330242
 0.42094171 0.43849837 0.44148528 0.41940006 0.40476568 0.40254452
 0.42412773 0.39752281 0.46872911 0.43718076 0.42271068 0.38705828
 0.42624355 0.44251624 0.44388813 0.40545873 0.43595344 0.45313793
 0.40441704 0.40527983 0.41579618 0.43414846 0.38993181 0.41793017
 0.42966642 0.40597653 0.43233393 0.40338459 0.4298497 0.41863955
 0.40525682 0.39085361 0.40731187 0.37479966 0.41376165 0.4240222
 0.43921135 0.42846374 0.42978603 0.39423751 0.41878696 0.39389364
 0.41009913 0.40571155 0.43503784 0.42098739 0.42611123 0.41397254
 0.39711855 0.42933477 0.44756902 0.43261748 0.43591082 0.43730851
 0.38122559 0.3966745 0.37938897 0.41334178 0.42723123 0.43697188
 0.44207078 0.41219896 0.43169152 0.40694571 0.4300068 0.42838683
 0.39682079 0.38978129 0.41815191 0.4202686 0.41009881 0.39417186
 0.44719571 0.41874462 0.39975355 0.43389299 0.38058392 0.4160918
 0.40534151 0.42706411 0.38853932 0.44432978 0.39530478 0.42178841
 0.40520397 0.43174885 0.40397893 0.40465421 0.43074412 0.42114834
 0.41297546 0.38958561 0.42459824 0.41138476 0.40335181 0.39482249
 0.40075448 0.4027144 0.40305074 0.41135735 0.3674936 0.38508579
 0.41684547 0.39069329 0.39084596 0.41646225 0.44001908 0.42983084
 0.39953402 0.41918922 0.38502057 0.42201008 0.38302857 0.40359595
 0.42656236 0.40045376 0.38371596 0.42873613 0.38012631 0.4176004
 0.42027421 0.40381059 0.40888539 0.39165461 0.37058066 0.42940354
 0.40957274 0.42063744 0.40366563 0.41306009 0.40321268 0.42871558
 0.38555038 0.44290921 0.40707329 0.42526485 0.40989928 0.42958986
 0.44172407 0.39702811 0.40775139 0.3937229 0.40413427 0.37534253
 0.35986826 0.40714366 0.3925333 0.427166 0.41382335 0.38060478
 0.4142041 0.40225311 0.39625718 0.38519526 0.43481778 0.39793003
 0.40596698 0.41485155 0.40052171 0.39951041 0.39090336 0.40384313
 0.39138324 0.42407116 0.40315416 0.4050803 0.4293121 0.38297198
 0.40760022 0.41628986 0.393743 0.40207236 0.38503987 0.41509737
 0.37559326 0.37911291 0.39009224 0.40789762 0.42578828 0.38065692
 0.39956218 0.380228 0.35232536 0.3779408 0.42405275 0.39146285
 0.36868354 0.36343278 0.41751757 0.43240029 0.38049879 0.4133014
 0.42782896 0.38461863 0.3749373 0.39319388 0.39376905 0.40768139
 0.40430006 0.38310134 0.42379424 0.41209535 0.39590427 0.39954237
 0.3897976 0.41223937 0.39007966 0.44955835 0.37651057 0.37417409
 0.36319584 0.38893573 0.38896627 0.41247755 0.37625491 0.4128205
 0.37363003 0.37130852 0.38330106 0.41175387 0.40098821 0.39480085
 0.40198881 0.39610595 0.39184787 0.42316707 0.41596503 0.39091313
 0.40846165 0.39172145 0.36774107 0.40193318 0.37019088 0.35705512
 0.40295201 0.4145022 0.39157397 0.40699866 0.38697633 0.39425958
 0.3793174 0.38478767 0.39419887 0.39273714 0.39424745 0.38228622
 0.3457583 0.38698986 0.40269649 0.41063288 0.37181249 0.37932095
 0.37018585 0.3943422 0.33852683 0.39100253 0.41097454 0.38369089
 0.37922211 0.3915749 0.37275298 0.36315796 0.37940885 0.36771419
 0.37437303 0.39932608 0.39041151 0.38041491 0.40415414 0.4179347
 0.41295752 0.41319038 0.3715223 0.42080928 0.37521947 0.42998111
 0.39841363 0.41020387 0.40460222 0.37591395 0.38284461 0.39150744
 0.40038271 0.40396729 0.42908607 0.36446337 0.37935231 0.41788053
 0.33602653 0.38408309 0.39708622 0.36661613 0.37046705 0.40267212
 0.37652113 0.39997497 0.38231052 0.37921123 0.35682333 0.3839659
 0.40023884 0.37813715 0.40060477 0.41551736 0.39000911 0.39546076
 0.37518692 0.39298548 0.39738939 0.3982332 0.37949832 0.38236068
 0.40020385 0.40761399 0.39430749 0.37926347 0.41069212 0.35690333
 0.37328433 0.37169195 0.35433531 0.36528709 0.38695656 0.41255396
 0.38929893 0.36930734 0.40238119 0.38502466 0.38351994 0.38299377
 0.39735322 0.39438005 0.34817918 0.37458716 0.3837442 0.39224577
 0.37298469 0.38803654 0.37364391 0.35616972 0.3949159 0.38874342
 0.36958962 0.41446624 0.38748449 0.37812896 0.38403292 0.37904396
 0.40027006 0.3442187 0.38598812 0.3790578 0.36802506 0.36478535
 0.39076271 0.37619593 0.39989331 0.39550424 0.37721404 0.40027782
 0.36422958 0.4240682 0.37566999 0.40778289 0.37572143 0.3744906
 0.41142714 0.3898211 0.37115741 0.38688863 0.37928905 0.38334162
 0.3865836 0.3702712 0.34875176 0.38155847 0.37720688 0.41607317
 0.3958686 0.39252229 0.34111661 0.35951928 0.39804802 0.38363822
 0.38553212 0.38608268 0.37583911 0.36241764 0.39984528 0.38240092
 0.364695 0.39537693 0.3706636 0.35626168 0.3639925 0.3632807
 0.34585936 0.39427701 0.40992471 0.38475029 0.37136824 0.35044783
 0.39910473 0.4130798 0.37124693 0.37539895 0.38149502 0.35292455
 0.3645318 0.38952487 0.40745304 0.38928882 0.33290296 0.37828953
 0.36941397 0.40378242 0.37693386 0.3628398 0.40122793 0.40753493
 0.37334146 0.34686136 0.39500819 0.38256253 0.3657371 0.38537317
 0.43638634 0.38345783 0.34010209 0.41355951 0.41072463 0.39635648
 0.39097403 0.33751654 0.38714735 0.34920564 0.39420743 0.37641152
 0.39636953 0.35680478 0.37285713 0.40311239 0.36306918 0.40125842
 0.35948809 0.3660715 0.40919095 0.37929773 0.39114743 0.399777
 0.37039844 0.38477502 0.33242201 0.3868893 0.36123034 0.36782761
 0.35656469 0.34967698 0.40075893 0.40095567 0.39620586 0.34767776
 0.37373816 0.37243933 0.37923913 0.39932539 0.38613531 0.40572181
 0.37655953 0.42307856 0.38929993 0.37705901 0.34195424 0.41565082
 0.37015925 0.36484943 0.38202757 0.37772346 0.3795566 0.35595119
 0.41346211 0.36237802 0.36937479 0.36075182 0.40290595 0.35490875
 0.33000002 0.36851522 0.3835615 0.36935874 0.41737593 0.34268335
 0.35008251 0.42277069 0.35682457 0.37426016 0.36761311 0.35217616
 0.429721 0.32311377 0.39632738 0.37081764 0.35134116 0.3699932
 0.39127468 0.32415399 0.41808375 0.35770029 0.37021899 0.42843054
 0.4164079 0.35089616 0.37002759 0.39369828 0.34273122 0.36479322
 0.36621472 0.37225725 0.43114789 0.3946724 0.43625125 0.37420224
 0.36867306 0.3986067 0.37756992 0.36210278 0.37530861 0.40610563
 0.39295764 0.38446832 0.3825565 0.36918757 0.38526183 0.41830144
 0.39664669 0.40859709 0.36506013 0.38668361 0.35132369 0.37340632
 0.40900452 0.40799924 0.35697931 0.40715289 0.33311853 0.38701114
 0.40199442 0.38907662 0.33897036 0.41463706 0.33865073 0.36537499
 0.38108049 0.2986374 0.37071704 0.3700953 0.34683606 0.34165141
 0.38863056 0.36985936 0.34995052 0.41094807 0.34297933 0.37464709
 0.36862336 0.3838958 0.34516843 0.36300026 0.3583594 0.33382876
 0.38788958 0.34366849 0.37413007 0.3810056 0.36444561 0.37278661
 0.34652133 0.40536094 0.37287141 0.4026915 0.372562 0.36667742
 0.35405083 0.38283199 0.40003759 0.39212747 0.37238639 0.36538112
 0.38552953 0.39216412 0.37707713 0.38392879 0.39722762 0.37051202
 0.3774794 0.35452751 0.41283218 0.34342718 0.41922624 0.38611667
 0.36119861 0.36112111 0.36738643 0.38396892 0.39475747 0.33608508
 0.40645281 0.39122727 0.36254328 0.36920031 0.36910812 0.38137824
 0.36726681 0.38981463 0.3718216 0.36005777 0.38892305 0.34987556
 0.34550228 0.40569003 0.39174157 0.34260939 0.35836799 0.34301753
 0.37294243 0.39481806 0.34643147 0.38806105 0.41602257 0.38175939
 0.35778766 0.38806179 0.3785938 0.41129178 0.43246297 0.36324703
 0.42382135 0.39260881 0.45306249 0.35589627 0.3679869 0.35158992
 0.35745858 0.37554712 0.39542961 0.42671878 0.35488524 0.36614639
 0.37962865 0.39708662 0.37097784 0.40855801 0.31844702 0.39013512
 0.44398882 0.40070897 0.35083988 0.38934692 0.38514035 0.40069296
 0.35992507 0.38722543 0.32834572 0.37455368 0.36352515 0.38616895
 0.38721985 0.39859707 0.3975572 0.36256952 0.34033122 0.35757856
 0.37585039 0.36224745 0.33315006 0.3957513 0.3475223 0.34769988
 0.38814451 0.34145071 0.40647665 0.38038209 0.44699074 0.38894758
 0.34048061 0.36705422 0.39896395 0.32630213 0.37459512 0.36169189
 0.38394265 0.39673754 0.3514696 0.38861918 0.39115028 0.33895147
 0.38347865 0.36612914 0.38498827 0.39619939 0.33106275 0.39247646
 0.38834897 0.37968531 0.36934384 0.36881913 0.34807894 0.36311803
 0.37992062 0.40003887 0.37554111 0.38068739 0.34100787 0.34910917
 0.34565248 0.34007011 0.38629254 0.34639156 0.37875171 0.3639798
 0.41445645 0.34058303 0.36204081 0.34838187 0.41300667 0.41728179
 0.3407911 0.41764762 0.39920323 0.35875307