0.48117978 0.51760001 0.50521188 0.50069881 0.50971546 0.50821804
 0.50228512 0.50805263 0.49259922 0.4807804 0.488154 0.48429549
 0.48639521 0.49640612 0.49392312 0.51211889 0.51258448 0.48438013
 0.49538543 0.49273475 0.48218563 0.50530606 0.49594227 0.51120432
 0.50011332 0.48986275 0.48794201 0.49453217 0.49901785 0.47499076
 0.47651516 0.48412014 0.49677393 0.49645077 0.4940007 0.48970503
 0.48700165 0.50756867 0.46924416 0.48369666 0.49558803 0.49186105
 0.46679826 0.47393763 0.48718372 0.49579069 0.49013363 0.46954721
 0.50217564 0.47927712 0.47084229 0.47838694 0.50889345 0.48659594
 0.4611635 0.47606726 0.48248492 0.49246837 0.47216971 0.47654617
 0.48055102 0.46593322 0.48063966 0.48493413 0.45161376 0.4751109
 0.44963368 0.47153113 0.48885181 0.50051302 0.48115773 0.48947922
 0.47456107 0.47685491 0.49273436 0.47899219 0.45683223 0.45552932
 0.4583956 0.46115848 0.45284435 0.47327683 0.46105644 0.47984945
 0.45705412 0.45900031 0.47476226 0.46256041 0.46962098 0.44825705
 0.4407337 0.47421851 0.47479797 0.47470476 0.48223448 0.47623818
 0.44605985 0.4537825 0.4744008 0.43550607 0.4495373 0.46137916
 0.45671906 0.42720394 0.48290274 0.43621235 0.47490676 0.44662812
 0.47087765 0.45537634 0.46238026 0.47170955 0.45264867 0.47176351
 0.436917 0.46629798 0.4730271 0.44346407 0.45478993 0.468568
 0.45678131 0.46473965 0.46378674 0.45288283 0.45735254 0.44782645
 0.47711428 0.43711876 0.45377797 0.45926512 0.45250944 0.46730144
 0.4482715 0.45060506 0.47163258 0.44880228 0.45663777 0.4474367
 0.46003239 0.46049754 0.45370549 0.45672094 0.47146395 0.46639508
 0.47543713 0.44030179 0.4531681 0.45280935 0.4272125 0.43633283
 0.4542583 0.42820763 0.43682618 0.4382848 0.45867169 0.4242023
 0.47530052 0.46352647 0.46581114 0.4560926 0.46650036 0.44456984
 0.42291237 0.45369864 0.44798536 0.46004078 0.4537442 0.4475569
 0.44598968 0.45111437 0.45130012 0.43021273 0.41992882 0.43993245
 0.43501535 0.44002937 0.44794671 0.44607603 0.43327885 0.455608
 0.45233978 0.44686809 0.45654055 0.45556857 0.4586316 0.44311647
 0.43622302 0.4316893 0.44522792 0.44401555 0.44277472 0.46713776
 0.45575921 0.44321295 0.42084248 0.48034619 0.46368058 0.44231015
 0.44837604 0.43389514 0.44259479 0.44967751 0.45587924 0.44326085
 0.43696438 0.44191865 0.43148818 0.42619164 0.4443356 0.42652313
 0.46172471 0.47175467 0.43957755 0.42489857 0.45384338 0.45578815
 0.4263876 0.46659318 0.45317505 0.44779135 0.43239318 0.43755883
 0.41291657 0.44573526 0.45295555 0.42339971 0.48148431 0.43312318
 0.44490682 0.42434942 0.44459333 0.42598597 0.43371843 0.43644799
 0.43886021 0.44119978 0.41694148 0.44832551 0.3989292 0.43646519
 0.4459551 0.43623379 0.4482255 0.44161931 0.4191233 0.44774759
 0.41557103 0.43155656 0.46855796 0.41413326 0.4685392 0.42438599
 0.39656846 0.43144147 0.44390893 0.44010935 0.46688309 0.42066677
 0.44800242 0.40908555 0.44620185 0.44644315 0.44247445 0.45642406
 0.47271353 0.4050501 0.45848214 0.40704406 0.42151011 0.44674146
 0.44545793 0.46227464 0.44722276 0.43350216 0.43942488 0.40687912
 0.42676544 0.44764997 0.49547582 0.4304642 0.42557927 0.41874847
 0.44807153 0.40396949 0.43351583 0.43694087 0.42294125 0.41552807
 0.42109762 0.45262796 0.43938723 0.45846368 0.40218009 0.3913618
 0.39207609 0.39832118 0.44751783 0.39271561 0.4545959 0.42299703
 0.44959951 0.43327393 0.42526693 0.45890855 0.41910647 0.44694271
 0.43580738 0.40173122 0.45913499 0.43573359 0.44027505 0.4464797
 0.44617373 0.43655089 0.434526 0.43605348 0.43030935 0.39265977
 0.38531385 0.41477526 0.40894797 0.43991596 0.43013248 0.42666691
 0.45390351 0.43923432 0.4433319 0.40567901 0.44379872 0.45506426
 0.42301821 0.40670839 0.42302637 0.40169937 0.46063582 0.44417959
 0.45911674 0.43020969 0.43592446 0.41239978 0.4132725 0.44266246
 0.42893986 0.39793519 0.41001447 0.44186926 0.39499047 0.42375479
 0.46045406 0.40903056 0.42299011 0.40988604 0.41745148 0.43984698
 0.43261887 0.43804127 0.44873412 0.4245159 0.43909712 0.43373527
 0.43679491 0.40253362 0.37536916 0.40115637 0.39148649 0.45197176
 0.44155604 0.44439744 0.39778184 0.40071973 0.3851386 0.44038117
 0.42416888 0.44066813 0.39340899 0.43673445 0.40402198 0.4537738
 0.43367604 0.40436877 0.42731357 0.42381169 0.41507221 0.40235029
 0.40618149 0.42877146 0.40822683 0.41547332 0.41991591 0.40178909
 0.43999137 0.41223041 0.43576238 0.45329158 0.39598755 0.4453408
 0.47146732 0.44320955 0.43074006 0.43717084 0.44217059 0.43274332
 0.42863209 0.46623872 0.44205976 0.44809 0.42147236 0.46487392
 0.44105402 0.45478667 0.39634487 0.41471478 0.437713 0.43374964
 0.41676918 0.41731053 0.4432703 0.4030353 0.44767154 0.42753698
 0.42940237 0.44134363 0.40850137 0.43417719 0.41616507 0.44563954
 0.41592761 0.4223534 0.43388215 0.41785143 0.49181827 0.43393506
 0.43842049 0.38386911 0.3984678 0.45663183 0.40959457 0.45516496
 0.43040913 0.40510466 0.43563623 0.40920974 0.40883735 0.41573823
 0.41559836 0.39699934 0.40885542 0.41196852 0.44560948 0.40885916
 0.4352824 0.4308179 0.41585684 0.41008815 0.41239392 0.39905109
 0.42810983 0.41367363 0.41401171 0.4340509 0.41646095 0.40494417
 0.41158368 0.45824534 0.45511172 0.46405591 0.42325743 0.41196731
 0.43266489 0.41378977 0.43694855 0.41105485 0.42631501 0.40416904
 0.43187329 0.41454691 0.42784072 0.42484108 0.37406803 0.41241362
 0.38067248 0.4039425 0.46274188 0.4093431 0.41794786 0.40645639
 0.4029224 0.41580471 0.41474811 0.41846955 0.4439156 0.42215049
 0.4241694 0.40422342 0.38486229 0.42316575 0.39751308 0.42385113
 0.41999783 0.42309819 0.4182552 0.42808519 0.43072287 0.45057878
 0.44563502 0.42717458 0.38660202 0.45155185 0.39843056 0.42304033
 0.42916495 0.43265379 0.43562836 0.40482849 0.39816244 0.41693524
 0.41881948 0.39347113 0.40069796 0.44192162 0.38686685 0.38967
 0.42505 0.41266218 0.43517855 0.41017027 0.41968706 0.42176217
 0.39319252 0.40451531 0.40370053 0.41785927 0.40236752 0.42428353
 0.44113925 0.45296135 0.41726171 0.43029811 0.41746007 0.41518335
 0.36907568 0.39318083 0.39868288 0.42952975 0.43447401 0.42126174
 0.41344859 0.39632294 0.41637458 0.38528846 0.40162431 0.40968583
 0.45041605 0.40499774 0.43343309 0.40116168 0.42304323 0.36256387
 0.42094419 0.41976043 0.41198944 0.40446561 0.44264121 0.43337263
 0.40781011 0.42283045 0.404185 0.39414649 0.42243476 0.41153979
 0.41129792 0.38168799 0.43041075 0.41277599 0.41623812 0.40041902
 0.40240927 0.37706456 0.40477211 0.43131176 0.41247954 0.41337157
 0.418509 0.42309838 0.41385807 0.40750668 0.39330392 0.46195648
 0.39153003 0.39708596 0.42358926 0.40886686 0.41171004 0.405379
 0.39669225 0.44460013 0.4315102 0.41766416 0.42693256 0.39766086
 0.44169808 0.40732678 0.39288369 0.41539252 0.40706869 0.43052395
 0.38885811 0.42192687 0.390471 0.41728917 0.41779513 0.41507608
 0.429333 0.42653493 0.39590643 0.39404247 0.38532762 0.40152458
 0.41823613 0.40615938 0.41487606 0.41073637 0.40362013 0.43507102
 0.38564441 0.42947838 0.3988029 0.41244929 0.39857051 0.3888237
 0.41160227 0.4151073 0.40743417 0.39222781 0.42465934 0.42234262
 0.41363571 0.38384191 0.41914813 0.42107668 0.40612734 0.39723366
 0.39516333 0.39341137 0.39725209 0.394945 0.38215383 0.39644737
 0.39471671 0.39466861 0.40420247 0.39528298 0.39646412 0.38247269
 0.38491381 0.37751759 0.42899976 0.37415005 0.41361805 0.38500783
 0.40949252 0.41513189 0.42415027 0.4091419 0.44788812 0.38767497
 0.37405747 0.37955274 0.41188849 0.41834079 0.41067393 0.42302422
 0.38754344 0.45540383 0.41096711 0.41576116 0.4148698 0.41879463
 0.41131591 0.38203122 0.40509218 0.41303327 0.39099484 0.43566335
 0.40834025 0.39057433 0.37204379 0.39556028 0.38255518 0.39440583
 0.38483759 0.42755865 0.4062184 0.41372897 0.40695397 0.40998729
 0.39661934 0.40352098 0.37318069 0.39372616 0.3969587 0.39642491
 0.38178485 0.37157929 0.41119889 0.40606111 0.41028549 0.40075449
 0.38509023 0.41019848 0.41755024 0.40690188 0.41107261 0.39366742
 0.39908907 0.41516671 0.39854541 0.39627379 0.4110503 0.39979602
 0.39929752 0.41530298 0.38956257 0.39896434 0.41031757 0.39957293
 0.40114716 0.39837936 0.39229252 0.39760365 0.38650424 0.38543457
 0.41131024 0.36340987 0.38377012 0.43214086 0.37832687 0.38440639
 0.40074892 0.403837 0.36803833 0.38903405 0.37969682 0.35777711
 0.37878516 0.38820543 0.4022591 0.36064822 0.41035724 0.4066803
 0.40569748 0.39358694 0.39997919 0.40745822 0.37391697 0.3966375
 0.39966408 0.40846877 0.39327734 0.37755862 0.40434205 0.3902343
 0.4013446 0.37097971 0.37268068 0.41416818 0.37551369 0.35482237
 0.41102597 0.36728696 0.39652092 0.39454498 0.3854665 0.38412485
 0.37777181 0.37965167 0.39561714 0.39129168 0.41517495 0.40502413
 0.36080357 0.40563434 0.39683021 0.40550949 0.39269164 0.41417418
 0.38118541 0.39486776 0.36870146 0.37544422 0.41336229 0.43349836
 0.39224841 0.39994653 0.40476834 0.38399883 0.38787984 0.39177976
 0.39135361 0.44492664 0.4129693 0.42364898 0.3987611 0.40462838
 0.38871557 0.43135426 0.3880599 0.42508272 0.38582851 0.40398763
 0.40861395 0.39270458 0.38502035 0.44067203 0.369058 0.41221
 0.38063546 0.39307567 0.39291971 0.40882624 0.38661679 0.40077034
 0.42590725 0.37355772 0.3641516 0.40256572 0.3830813 0.40749578
 0.37950485 0.40758896 0.38432307 0.37881758 0.37721097 0.40853751
 0.37480348 0.38089499 0.3753047 0.38581678 0.38651315 0.35281761
 0.39262912 0.39340753 0.41435778 0.36018506 0.38125935 0.36217106
 0.37575644 0.3978634 0.39204265 0.3995208 0.40967169 0.38458003
 0.37723013 0.38764176 0.40505667 0.39886639 0.36194662 0.38438241
 0.36130506 0.39101113 0.41235358 0.40517356 0.3579551 0.38129323
 0.40597418 0.36374119 0.37020775 0.38861435 0.35808253 0.4127496
 0.38206584 0.40695157 0.35431832 0.39685075 0.41107829 0.39521998
 0.39802129 0.33763153 0.38754174 0.38965035 0.37856973 0.36978888
 0.40457665 0.3829113 0.38801611 0.3774386 0.3969016 0.42191676
 0.42139381 0.43121662 0.41767056 0.3519222 0.3400625 0.35200553
 0.40280565 0.41170487 0.36249782 0.36630615 0.43617871 0.36329919
 0.42535669 0.39829612 0.35614005 0.41137009 0.3517161 0.40587966
 0.36476371 0.38277972 0.38616132 0.38922602 0.36638266 0.35386191
 0.38500431 0.37564846 0.42964034 0.38712735 0.41506376 0.38555362
 0.43981545 0.35233639 0.40656084 0.36634971 0.42445791 0.37177143
 0.39353268 0.3577733 0.38007346 0.36335763 0.37051314 0.3610176
 0.35929316 0.42364028 0.37904733 0.35729741 0.39316641 0.41441624
 0.38089041 0.36563033 0.38897548 0.3804464 0.40377235 0.39299207
 0.34087443 0.35206688 0.39722858 0.40217422 0.4168412 0.42740466
 0.36402576 0.37147947 0.40453759 0.38346053 0.39403542 0.39484329
 0.34093047 0.44048752 0.38948939 0.36807308 0.3986492 0.32821413
 0.41402638 0.38218913 0.38650501 0.40871871 0.32317137 0.38402677
 0.40305764 0.40270828 0.40388851 0.45002926 0.45812314 0.35020804
 0.40257037 0.38459659 0.3567557 0.37387743 0.38845128 0.38197064
 0.4127145 0.39150673 0.37977203 0.41373106 0.39557551 0.34235105
 0.34900554 0.37164069 0.3797444 0.37379565 0.38110649 0.35735319
 0.35729702 0.34262288 0.38708597 0.3892327 0.37989142 0.377392
 0.35735396 0.36944709 0.4050179 0.3856256