 0.50759979 0.52295187 0.49982341 0.50618121 0.45587605 0.48390593
 0.50916685 0.47778189 0.4522624 0.45091896 0.42554787 0.43873268
 0.41525828 0.43289637 0.41781684 0.40326681 0.38534417 0.38943212
 0.38892279 0.37834495 0.36007126 0.35238771 0.3497291 0.33754675
 0.33655203 0.33124877 0.34205 0.31382135 0.31203575 0.29665072
 0.29608384 0.29238261 0.30032281 0.28285977 0.28574916 0.27590629
 0.28939947 0.28294869 0.27593877 0.28372649 0.26602338 0.26959017
 0.27777271 0.2732617 0.27324467 0.26104534 0.26033989 0.25479605
 0.25901464 0.27092644 0.26821644 0.25746674 0.25381545 0.254922
 0.25341166 0.2527659 0.25009019 0.2392928 0.24557865 0.24191052
 0.24899304 0.24642306 0.24465641 0.24419644 0.23928587 0.24763567
 0.23910649 0.23396137 0.2509359 0.2344847 0.23186702 0.24512219
 0.22803901 0.23101591 0.23942994 0.23150359 0.22331672 0.23201369
 0.22899903 0.22529701 0.22620485 0.21955563 0.23991773 0.22497289
 0.23076775 0.22448601 0.22626196 0.22703574 0.23016149 0.22029463
 0.21290045 0.21954198 0.22462619 0.22991114 0.21238624 0.21509832
 0.21166415 0.21436507 0.21556171 0.2113171 0.21390889 0.21465169
 0.20547706 0.20458878 0.20344902 0.19945927 0.19866675 0.21254245
 0.2084672 0.20641741 0.19846262 0.19427486 0.19643108 0.20265132
 0.19676922 0.19670696 0.19793011 0.19563701 0.19303157 0.19797871
 0.20049333 0.20272206 0.18132099 0.19120894 0.17605923 0.17956044
 0.18476093 0.18847287 0.19141177 0.17462079 0.18342904 0.18229232
 0.18793369 0.17431365 0.17650311 0.18518893 0.17508135 0.17099163
 0.17307372 0.17441192 0.17465843 0.16347168 0.16861345 0.17665444
 0.16807226 0.16759906 0.16541162 0.16374061 0.16383595 0.16782988
 0.15908754 0.16694812 0.15895526 0.1608319 0.1697777 0.14748983
 0.16765253 0.16618278 0.16723095 0.16868986 0.16631546 0.1672259
 0.16088705 0.16815423 0.16230302 0.15786351 0.17268964 0.15716487
 0.15631472 0.15944554 0.1562501 0.14982611 0.14770781 0.15387346
 0.13891529 0.16371525 0.15853495 0.1589188 0.15171949 0.16557089
 0.17056532 0.14917082 0.14635189 0.15621402 0.16099131 0.15265259
 0.14899409 0.15114795 0.14928864 0.1554825 0.15462569 0.15320075
 0.15139046 0.1455381 0.15073266 0.14906319 0.1407943 0.14408247
 0.15516352 0.13746822 0.15133433 0.14525386 0.14536082 0.14172444
 0.14006441 0.15167848 0.1450356 0.14316872 0.14228021 0.15209843
 0.15380377 0.14737033 0.14010062 0.14519771 0.15095344 0.14172238
 0.13949242 0.14534908 0.13164367 0.13976063 0.13237358 0.147658
 0.1356074 0.13055408 0.1438438 0.14298106 0.15331988 0.14350149
 0.14949091 0.12918214 0.14058021 0.14523698 0.13996357 0.12552135
 0.13435922 0.1414971 0.13717048 0.1350294 0.122148 0.12965442
 0.13667803 0.12926417 0.13194819 0.1444324 0.12772584 0.13099296
 0.12674073 0.12664 0.1404251 0.13775711 0.13064652 0.13435913
 0.13573531 0.13283522 0.13227422 0.12566451 0.13860379 0.13113259
 0.14070351 0.12987839 0.12873888 0.12892656 0.12552011 0.1293112
 0.13125302 0.13173423 0.12552147 0.13406933 0.12892423 0.12276462
 0.12216549 0.13701014 0.12297885 0.12111239 0.12611701 0.12944252
 0.12419797 0.11742769 0.12985303 0.12263679 0.11330983 0.12016035
 0.12134633 0.13043571 0.11293836 0.11952945 0.12252629 0.12462403
 0.12971515 0.12637951 0.11841026 0.12573582 0.12971525 0.1156018
 0.12046828 0.14067751 0.11575081 0.11755585 0.11884858 0.11905107
 0.11925984 0.11463253 0.12858425 0.12194784 0.11818847 0.11713954
 0.11504159 0.11947593 0.12600727 0.11006382 0.119173 0.12121313
 0.110991 0.11261567 0.12367562 0.12549063 0.11772434 0.10897041
 0.12403683 0.11560602 0.10484314 0.10838439 0.10625258 0.10939961
 0.11071349 0.12118169 0.12020391 0.10907926 0.12225627 0.10705272
 0.12141949 0.12730848 0.10766541 0.10770221 0.11052527 0.10149027
 0.10548552 0.11371078 0.10840521 0.10981814 0.09418405 0.11095982
 0.10384494 0.10172475 0.11135523 0.10155482 0.09950815 0.10007354
 0.10619904 0.10276212 0.09899083 0.09316906 0.1023407 0.09310351
 0.10120251 0.09607956 0.10300063 0.10531455 0.10483196 0.10497989
 0.09437155 0.10126812 0.10090745 0.10852842 0.08869565 0.09646634
 0.10212783 0.08555625 0.09130654 0.08638487 0.09715287 0.10181761
 0.10888168 0.09091872 0.09338128 0.10176621 0.10339633 0.091216
 0.09226292 0.09905505 0.09550658 0.09928072 0.09893185 0.09452535
 0.09213527 0.10013558 0.09366425 0.0864318 0.09689717 0.09485083
 0.09252546 0.09527613 0.10982214 0.08476843 0.09102957 0.08627702
 0.08938543 0.09174552 0.0891546 0.08007134 0.09034977 0.09074696
 0.08655893 0.08556783 0.07803248 0.08470168 0.09032535 0.08797901
 0.08894462 0.08418429 0.08106956 0.0856153 0.0798896 0.08527164
 0.09034448 0.07803906 0.078777 0.08659143 0.08198835 0.07245902
 0.0832006 0.08402493 0.07496393 0.09092653 0.07254693 0.07945289
 0.0767843 0.08165906 0.08179367 0.08718875 0.07378566 0.07942796
 0.07710082 0.0818476 0.08135151 0.07694869 0.07736339 0.08117707
 0.08410696 0.07626479 0.08572157 0.06904337 0.07952346 0.08229495
 0.06815139 0.07928619 0.07617179 0.07364744 0.07819183 0.08262496
 0.06801145 0.07950743 0.0759203 0.07684513 0.06827303 0.08849382
 0.08339479 0.09023449 0.06950472 0.06695344 0.07488678 0.07883526
 0.0769413 0.08309745 0.0691225 0.06508259 0.07274721 0.06972471
 0.07497445 0.06627043 0.09148322 0.06818163 0.06731385 0.07375867
 0.070623 0.06993631 0.08939958 0.07335044 0.06159808 0.0664157
 0.06565777 0.06282643 0.06568097 0.06425615 0.07404997 0.0754669
 0.07758927 0.07439624 0.06823003 0.06519085 0.07253823 0.06978601
 0.06957883 0.07871897 0.07032261 0.07688477 0.082728 0.07396908
 0.06347194 0.06773987 0.07217138 0.06491845 0.0648225 0.07638615
 0.07084072 0.07156868 0.07239521 0.05869736 0.07222207 0.08153885
 0.06039428 0.07466128 0.06814571 0.07652139 0.06180486 0.061067
 0.06624633 0.06602164 0.06568416 0.06072387 0.05875475 0.07021463
 0.06486262 0.06808182 0.05673067 0.06948666 0.06777825 0.06995311
 0.07074197 0.07054431 0.05943334 0.07530354 0.06778839 0.0660598
 0.05997976 0.07635086 0.06037745 0.07160525 0.07124858 0.06256159
 0.06596806 0.06873631 0.07822367 0.05925024 0.07259558 0.06937999
 0.06295657 0.05739007 0.06005589 0.06131893 0.06158116 0.05694967
 0.06197681 0.05618032 0.05979109 0.07060693 0.06663055 0.06709296
 0.06936736 0.05936237 0.08164299 0.06697999 0.06041752 0.06622809
 0.06663505 0.06610144 0.06251658 0.06087895 0.06592559 0.06371521
 0.05657307 0.06141458 0.06077311 0.06835418 0.06615195 0.06380608
 0.06110523 0.05650578 0.05845586 0.06259837 0.06775235 0.05874582
 0.06301988 0.06273113 0.06270867 0.06316936 0.05926455 0.06983083
 0.06312529 0.06344909 0.05615334 0.05130098 0.06918978 0.07263276
 0.06770772 0.0609664 0.06738001 0.06868283 0.06816504 0.0570572
 0.06440864 0.06132214 0.06262621 0.06160736 0.0655519 0.07141721
 0.06254577 0.06641061 0.05951797 0.06393191 0.05605807 0.06033528
 0.070665 0.06478975 0.05870517 0.06471374 0.05957172 0.05552917
 0.056318 0.054018 0.05619973 0.06523509 0.06333482 0.0542722
 0.05983618 0.05754585 0.064017 0.06423862 0.069754 0.05831613
 0.06153629 0.05883865 0.06094916 0.06191608 0.06277656 0.05804424
 0.05504932 0.06006689 0.05313079 0.05687981 0.04975253 0.05095746
 0.06195901 0.05793487 0.04914997 0.05480314 0.04863444 0.06087722
 0.05405737 0.05840865 0.05915919 0.06237985 0.06480343 0.05784994
 0.05707709 0.05604317 0.06289239 0.05383112 0.06753057 0.05887086
 0.06095942 0.06304849 0.05525759 0.05704756 0.05937307 0.05823693
 0.05804099 0.0593589 0.05970806 0.05227915 0.05677905 0.05498045
 0.06583979 0.05354948 0.05423591 0.0625821 0.05521802 0.05513325
 0.06662221 0.06442236 0.06329392 0.07073021 0.06810886 0.05987886
 0.057652 0.05286145 0.05690403 0.05936361 0.05957792 0.07261276
 0.06831469 0.04825624 0.04747735 0.06214709 0.06310882 0.0516954
 0.06204797 0.0603442 0.06387773 0.0631857 0.05987504 0.06328621
 0.05708962 0.05649849 0.05655608 0.0651717 0.05215455 0.05997542
 0.06922374 0.05537531 0.05674956 0.06861688 0.06320217 0.05039265
 0.05545677 0.05021512 0.05195956 0.0552018 0.05666368 0.05990832
 0.0640365 0.04856676 0.05512201 0.05930424 0.06576276 0.07392254
 0.06980399 0.0723009 0.05366502 0.05344822 0.06345712 0.05139627
 0.05634618 0.05280085 0.0534096 0.04999282 0.05777843 0.0517491
 0.05882353 0.06118869 0.05180441 0.05906086 0.04841406 0.06080856
 0.04345712 0.06702033 0.05512008 0.05988438 0.05005428 0.06151941
 0.05399379 0.06237988 0.05980211 0.05654326 0.06684291 0.0598595
 0.06427606 0.06017363 0.06360514 0.05919179 0.05497158 0.05357688
 0.04841652 0.06064074 0.04718049 0.07195056 0.06299889 0.06616658
 0.06155513 0.05855526 0.04741894 0.06334609 0.05218482 0.05227945
 0.05634457 0.04680299 0.06543344 0.05671057 0.05228248 0.05966222
 0.0601321 0.05114945 0.06613324 0.04389164 0.05288517 0.0424665
 0.06665057 0.06449573 0.05396628 0.06333115 0.05961198 0.04475506
 0.06362032 0.05282606 0.05379087 0.05823945 0.05544813 0.05494683
 0.04860218 0.06054139 0.04753408 0.04495233 0.04567342 0.05773374
 0.04726565 0.06141075 0.05702067 0.05315529 0.05686487 0.05424211
 0.05145213 0.05146687 0.04901068 0.05009036 0.05888047 0.05418642
 0.04937482 0.05105156 0.05328758 0.04800746 0.05894043 0.05124566
 0.04175365 0.05506636 0.06007389 0.06130721 0.05622556 0.05618584
 0.06620437 0.05506278 0.0578528 0.05656004 0.05610682 0.0507928
 0.04523418 0.04798279 0.04864495 0.05983269 0.04227355 0.05343432
 0.05679614 0.05161865 0.059783 0.06655993 0.05394264 0.06165825
 0.06055909 0.05690673 0.04976092 0.06347964 0.05043663 0.04506225
 0.05496853 0.0440125 0.05064361 0.0598486 0.06053266 0.0518836
 0.04771371 0.04669167 0.05319716 0.06621889 0.05287707 0.05540318
 0.05785744 0.0495234 0.0537408 0.05102623 0.05486446 0.06286617
 0.05805224 0.04991679 0.05683322 0.05067005 0.05007933 0.06472474
 0.06459934 0.06654621 0.0559005 0.04977012 0.05538494 0.05477627
 0.04743951 0.06894181 0.0532361 0.04664569 0.07198469 0.05223555
 0.05609105 0.05980992 0.04628611 0.05277532 0.05600924 0.06458919
 0.04758957 0.05543966 0.0457524 0.05781177 0.0426883 0.06295072
 0.04684427 0.05554454 0.05413597 0.05119046 0.049224 0.04922429
 0.05406489 0.05243758 0.05510042 0.05650063 0.0488725 0.05360542
 0.05022727 0.04928423 0.05378726 0.0448633 0.04923375 0.05478938
 0.05324379 0.04391956 0.05909406 0.04576527 0.05994525 0.05229137
 0.05131979 0.05237525 0.05722387 0.04760894 0.05693227 0.05191264
 0.06421751 0.05713645 0.05048767 0.0500945 0.06038145 0.06018403
 0.06066491 0.05761054 0.05730385 0.04197936 0.06377251 0.05660497
 0.05120793 0.05069356 0.05565218 0.05442016 0.05302455 0.06357214
 0.05744167 0.05288024 0.06314347 0.04867095 0.04399908 0.05302439
 0.05612871 0.06282835 0.04775117 0.05655985 0.04808318 0.04421182
 0.04707739 0.05020983 0.06460994 0.0513679 0.04883445 0.0547191
 0.04411737 0.05598054 0.05583842 0.05461847 0.0524286 0.05323757
 0.04586623 0.06719445 0.04933514 0.05964278 0.05592675 0.05420241
 0.05654844 0.04362816 0.05224189 0.05054388 0.04815374 0.04871954
 0.05647952 0.05479284 0.04949288 0.05268976 0.05002651 0.04634083
 0.04822999 0.05487065 0.04489914 0.04237746 0.04052682 0.05580085
 0.04902878 0.05197434 0.05283598 0.04856105