0.28833691 0.28593909 0.2858553 0.28636842 0.27008797 0.24513299
 0.23795423 0.23252295 0.21060212 0.2210817 0.20888788 0.20219652
 0.19331123 0.18828879 0.19359889 0.18856188 0.18208297 0.18278846
 0.18843326 0.1753319 0.17328068 0.16914153 0.16396937 0.17602704
 0.16809291 0.16665825 0.15886548 0.16002631 0.16537938 0.16226511
 0.16038677 0.15539558 0.15993335 0.15184302 0.15329523 0.15450339
 0.15338266 0.15048295 0.14899629 0.14742798 0.1535214 0.14747156
 0.1464813 0.14011181 0.14544018 0.14687462 0.14624288 0.15212907
 0.15798914 0.13956759 0.14618359 0.14296775 0.15852154 0.14593654
 0.14697093 0.13302691 0.14707573 0.13987957 0.14060163 0.1490055
 0.14454994 0.15391556 0.141102 0.14655773 0.13865399 0.14599224
 0.15680998 0.14812918 0.13893038 0.14035366 0.13877968 0.15584695
 0.15016657 0.14461109 0.14303537 0.14498432 0.14552252 0.14268567
 0.13458096 0.14027843 0.14183458 0.14617497 0.14675877 0.13902564
 0.14359651 0.14736471 0.13419875 0.14040977 0.14237274 0.14301224
 0.13858687 0.13747232 0.13822138 0.14656199 0.14444613 0.13312144
 0.14161597 0.13182847 0.14699935 0.14298912 0.13493642 0.14081087
 0.14351146 0.14380621 0.13319425 0.14162367 0.1379458 0.13426254
 0.14751516 0.13837157 0.13850912 0.12995798 0.13962788 0.14699691
 0.12965813 0.13378654 0.14065358 0.13618236 0.1340203 0.131577
 0.14590834 0.14034846 0.14393878 0.14342423 0.14301029 0.13570791
 0.13553979 0.14780741 0.13771141 0.13703382 0.14033415 0.14364129
 0.13627637 0.13747765 0.14409705 0.13179502 0.14410746 0.13213128
 0.1414914 0.13826652 0.14098135 0.13220309 0.13265305 0.13384883
 0.14397361 0.1344187 0.13440481 0.13567624 0.14232311 0.13009043
 0.13694309 0.13922519 0.13362383 0.13160045 0.13313103 0.14669554
 0.14077595 0.14146835 0.13706951 0.13797063 0.13355602 0.13489398
 0.13462121 0.13822987 0.13156611 0.12650771 0.13946515 0.13236444
 0.13498123 0.13602022 0.13856061 0.13828889 0.13648776 0.12146269
 0.1376874 0.13475743 0.13341213 0.13898755 0.13353932 0.13450553
 0.12824286 0.1385712 0.13277849 0.13274022 0.13776682 0.14751064
 0.13813694 0.12679118 0.12944038 0.13897806 0.13573564 0.13311331
 0.12588542 0.13351526 0.14751595 0.1282259 0.13154523 0.14148178
 0.13972455 0.13404456 0.14292971 0.1436091 0.13419266 0.12295101
 0.13711596 0.13066071 0.13630915 0.12167053 0.14409291 0.13357836
 0.12788984 0.12693112 0.12745791 0.13095009 0.14267378 0.1281779
 0.12267604 0.1364806 0.13130386 0.12669228 0.12072995 0.13185784
 0.13194464 0.12661408 0.14250595 0.13474804 0.12473232 0.12829945
 0.11919145 0.141108 0.13349074 0.12961682 0.11977281 0.12472921
 0.12380325 0.13454758 0.12562896 0.11864282 0.12690357 0.13089986
 0.12719334 0.12517062 0.12785696 0.12405266 0.12356163 0.1310032
 0.13151463 0.1228122 0.12552175 0.12326964 0.13457012 0.1390046
 0.12331097 0.12349508 0.12247385 0.12906574 0.1199557 0.11934861
 0.12572329 0.13090773 0.12224979 0.12489747 0.12319778 0.12521661
 0.13508234 0.12484595 0.12323282 0.13075099 0.12537722 0.12731849
 0.11511618 0.1198074 0.12258154 0.11581814 0.12987235 0.1225435
 0.12390815 0.12266296 0.11463905 0.12958165 0.12888117 0.11833999
 0.11959988 0.11539482 0.11968966 0.11693916 0.12090066 0.11919723
 0.11316932 0.1199997 0.12054261 0.12820712 0.12446589 0.12195336
 0.11766592 0.11496162 0.11412713 0.11949673 0.1185946 0.11312833
 0.11686984 0.12691556 0.11894971 0.10949656 0.11158822 0.10603051
 0.10593426 0.11082215 0.10941983 0.1141407 0.11551635 0.11929422
 0.11785655 0.11674584 0.11869954 0.10720065 0.11596094 0.1137029
 0.11829056 0.12152335 0.11105875 0.10968775 0.114595 0.10847719
 0.11993224 0.10639178 0.11314455 0.11561842 0.12019663 0.10854561
 0.11626921 0.10339496 0.10147334 0.11850515 0.11325664 0.10868462
 0.1151424 0.11015479 0.10525384 0.10814064 0.10416026 0.10823514
 0.1096424 0.11363285 0.10619036 0.11352516 0.10872522 0.1126978
 0.12039654 0.10781589 0.10972836 0.1040174 0.11759764 0.10835939
 0.12083094 0.10894568 0.11061266 0.10887094 0.10586689 0.11394938
 0.11710297 0.11374988 0.11048879 0.10234313 0.10193642 0.1031711
 0.1097218 0.10902384 0.09970397 0.10851978 0.1150655 0.10227022
 0.10624485 0.10819797 0.10298975 0.10060793 0.10340802 0.10231171
 0.10627645 0.09564091 0.10349192 0.09997275 0.09934595 0.10242549
 0.09461923 0.1013049 0.09771956 0.096935 0.10367878 0.10393993
 0.10777501 0.11093642 0.09255002 0.1003318 0.10707967 0.09938581
 0.10308412 0.10265222 0.10202012 0.10574977 0.09957264 0.10998347
 0.10478629 0.10297212 0.11827114 0.10887718 0.10706827 0.10141516
 0.09163029 0.10647318 0.09356014 0.09663444 0.10304239 0.10277535
 0.09397369 0.10414421 0.11003174 0.10211207 0.11533437 0.10213745
 0.09946419 0.10227087 0.10443197 0.10056778 0.10800698 0.10698164
 0.09944615 0.09534232 0.09273879 0.09817126 0.09821628 0.10159462
 0.09781575 0.09794298 0.09002768 0.09855113 0.09698519 0.10346945
 0.09663245 0.11098432 0.10133376 0.10620686 0.09150847 0.08580331
 0.10045288 0.0905579 0.11149444 0.0970147 0.10381363 0.09884855
 0.10123366 0.09760848 0.09804843 0.09463515 0.09661637 0.09979176
 0.09455428 0.09833107 0.09555214 0.08477666 0.09257281 0.0976024
 0.09068779 0.09526966 0.10879889 0.10196516 0.10627268 0.10122289
 0.09275071 0.09499908 0.0962227 0.09510968 0.09977832 0.10412039
 0.09864115 0.1076267 0.09746785 0.10022407 0.09519709 0.08674169
 0.09320626 0.10060824 0.08953925 0.09388258 0.0945042 0.0985871
 0.0914247 0.10305393 0.09557295 0.1032287 0.09228347 0.10050092
 0.09402005 0.09890123 0.08849407 0.09807332 0.08960437 0.10958901
 0.08699482 0.09681121 0.09261666 0.0963462 0.0950491 0.10367783
 0.09553547 0.10052059 0.09679988 0.09910763 0.10461202 0.09425034
 0.10933943 0.09294934 0.09057475 0.09018702 0.11006436 0.08879825
 0.09478231 0.09145014 0.09122687 0.0940255 0.1084284 0.0884766
 0.08876898 0.09709737 0.09407509 0.10365495 0.0898815 0.09397391
 0.09172612 0.08968126 0.09129897 0.09741093 0.08896659 0.09845173
 0.09206641 0.0900635 0.09059725 0.07811173 0.09652755 0.10317429
 0.09149236 0.09384472 0.10413067 0.09879643 0.08210071 0.0966469
 0.10066643 0.09389595 0.08272636 0.08877061 0.09768496 0.10098702
 0.0975768 0.09528294 0.09207611 0.09575711 0.09704937 0.08038971
 0.08567305 0.10085934 0.09545488 0.10407734 0.0849354 0.09568183
 0.08792906 0.10119631 0.08576189 0.09024265 0.10114001 0.08557294
 0.08707976 0.08356253 0.09380714 0.08859982 0.08126415 0.09192045
 0.08975743 0.08698525 0.08173358 0.09053869 0.09521278 0.09761154
 0.08709717 0.08820837 0.09063397 0.09190713 0.08453883 0.08838048
 0.08273183 0.08503846 0.07500254 0.07766954 0.09447821 0.09020735
 0.08673337 0.08071586 0.09910656 0.09000273 0.08927443 0.09189138
 0.08500345 0.08196748 0.0913721 0.08745019 0.08903309 0.09248703
 0.07903763 0.08932587 0.08662955 0.08677548 0.07592755 0.08443357
 0.0894809 0.08019706 0.07174092 0.08361545 0.08684949 0.08200202
 0.08012251 0.09252077 0.08211883 0.08646201 0.08126143 0.08697655
 0.07978777 0.08647192 0.08138253 0.07650637 0.07462691 0.07220038
 0.08793403 0.08320882 0.08050005 0.08031234 0.08012683 0.07589315
 0.08245884 0.08513694 0.09314867 0.08186555 0.08573054 0.07408007
 0.07771854 0.07990116 0.07696438 0.07638616 0.08661918 0.08216073
 0.07338609 0.07525549 0.08141493 0.08190596 0.07916278 0.08234744
 0.09478288 0.07232279 0.07511875 0.07241364 0.07645198 0.07154484
 0.07388171 0.08347401 0.0714736 0.07495998 0.07662961 0.07066497
 0.06404224 0.07223655 0.07091007 0.08600648 0.0799125 0.07643579
 0.07388848 0.08883692 0.07084507 0.06974716 0.07449447 0.07766182
 0.06648174 0.0788959 0.0763594 0.06825601 0.0829846 0.06897407
 0.08351493 0.07403692 0.07436647 0.06792176 0.07410373 0.07586309
 0.06967353 0.07642882 0.0637779 0.07909945 0.06742834 0.07304656
 0.08094118 0.07584624 0.08325592 0.06502964 0.08440033 0.06263215
 0.06453788 0.07640508 0.05961326 0.06780653 0.07079216 0.06846743
 0.07457801 0.07169012 0.06892309 0.06680186 0.07870603 0.06135021
 0.0696364 0.07240589 0.06760121 0.07111031 0.07151594 0.06948426
 0.06024873 0.05992076 0.07000184 0.06821373 0.06590836 0.06327325
 0.07586452 0.06477679 0.06456268 0.06819072 0.06576527 0.0663405
 0.06669022 0.06489862 0.06337623 0.07288242 0.0580686 0.0612257
 0.0731842 0.0655322 0.06677559 0.06876583 0.0763132 0.05695669
 0.07746672 0.05380645 0.06185686 0.06298255 0.07206422 0.06774492
 0.0711349 0.06547368 0.07335216 0.06892025 0.06933638 0.07067425
 0.05922091 0.06507291 0.06344658 0.06415754 0.05508011 0.06094867
 0.07670296 0.0546155 0.07148459 0.05703041 0.06091146 0.07191603
 0.05256866 0.05791225 0.0657736 0.06752718 0.06324063 0.06371174
 0.06325898 0.06117372 0.05864304 0.06474977 0.06219056 0.05876023
 0.06417067 0.06581279 0.04986322 0.06617277 0.06785292 0.07063943
 0.06814976 0.06964563 0.07173878 0.06197502 0.05500937 0.0641794
 0.06484128 0.06608728 0.05257992 0.05522854 0.06469261 0.06822231
 0.05584089 0.06523455 0.0638669 0.062667 0.06193709 0.05784421
 0.05796596 0.05589411 0.07304546 0.0622241 0.06130797 0.05455907
 0.06870525 0.05847384 0.05945517 0.07063061 0.05960285 0.05679722
 0.05676653 0.05719774 0.05623929 0.05560072 0.05745302 0.0632468
 0.06535394 0.05620413 0.06246688 0.0490721 0.07333903 0.05510909
 0.06399698 0.05889964 0.05929393 0.058719 0.05344391 0.06088106
 0.06424506 0.0562847 0.0482137 0.05506216 0.0583692 0.06238029
 0.05769707 0.05371392 0.06798999 0.04687592 0.05781561 0.0560758
 0.06253124 0.057113 0.06279933 0.05455669 0.0539883 0.05331838
 0.06191426 0.05006922 0.05272442 0.05503664 0.0594888 0.06285676
 0.05627182 0.06202259 0.05583981 0.05631317 0.06581156 0.04816772
 0.06327305 0.05307739 0.05854335 0.05118819 0.0675897 0.05869315
 0.06218193 0.05677381 0.05067047 0.05752322 0.05085 0.05949563
 0.06760023 0.06025209 0.06017495 0.06548582 0.0630904 0.05050212
 0.06033565 0.05497602 0.06077583 0.05846134 0.06267727 0.05686304
 0.05489747 0.05401647 0.05200626 0.05561501 0.0497027 0.06854872
 0.04639287 0.05658348 0.05134922 0.04861768 0.05338651 0.06173192
 0.06955734 0.05857498 0.0633234 0.05655849 0.04968398 0.05718958
 0.06507945 0.04829287 0.06063826 0.05654577 0.05742489 0.04936141
 0.04807211 0.05318647 0.05266218 0.0555057 0.05395184 0.04738523
 0.06582563 0.05884909 0.06187112 0.05229441 0.06404648 0.05394035
 0.05237047 0.05902826 0.05002849 0.0583632 0.05812237 0.05090603
 0.05549666 0.05147577 0.04951477 0.0456454 0.05523723 0.05670373
 0.05297295 0.06467728 0.05213637 0.05689492 0.05184397 0.04915264
 0.05935113 0.05471862 0.05852492 0.05918291 0.05206277 0.05582269
 0.06264333 0.04125388 0.04655617 0.06343635 0.05186304 0.05394505
 0.04853943 0.05998778 0.05565083 0.04926722 0.05737263 0.05254349
 0.05378183 0.06202627 0.05857873 0.05788018 0.05723289 0.05466376
 0.05678203 0.04346448 0.04780035 0.05567337 0.05727921 0.04321481
 0.05240681 0.04706654 0.0573042 0.04883799 0.05377668 0.05654237
 0.0427046 0.04310948 0.04959026 0.06475463 0.0517968 0.05751225
 0.04478111 0.04615286 0.04437794 0.04646515 0.04815793 0.05415606
 0.0526767 0.04970477 0.04630031 0.04488702 0.05367002 0.05336513
 0.04980057 0.0461315 0.06679887 0.05293843