0.2402 
-0.2852 
0.2754 
-0.1602 
-0.1367 
0.1719 
0.3145 
-0.2109 
0.0449 
0.0098 
0.0781 
0.1406 
0.0938 
0.3066 
-0.2461 
0.1660 
-0.3438 
-0.2012 
0.1562 
0.2070 
0.0781 
0.3867 
-0.1582 
0.1426 
-0.3516 
0.0547 
-0.0762 
0.1758 
0.2598 
0.0820 
-0.2031 
0.1152 
-0.3066 
0.1934 
0.0547 
0.0820 
0.0430 
-0.2402 
-0.2852 
0.4277 
0.1953 
0.1641 
-0.3223 
-0.0977 
0.1562 
0.1016 
0.1270 
0.1934 
-0.2539 
0.0742 
0.0781 
-0.0117 
-0.1855 
0.1699 
0.0605 
0.0371 
-0.3340 
-0.2305 
0.0273 
0.0547 
0.0605 
0.2363 
-0.0625 
-0.3125 
-0.3672 
0.0293 
-0.1582 
-0.1094 
-0.3105 
0.1035 
-0.2207 
-0.1738 
0.0508 
0.0625 
0.0488 
0.0371 
0.1094 
-0.2227 
0.1621 
0.4102 
0.0605 
0.5039 
-0.2031 
-0.1074 
0.1484 
0.1270 
-0.0605 
0.1699 
0.0605 
-0.0215 
-0.1250 
0.1719 
0.0684 
0.1016 
-0.1074 
0.0410 
0.1719 
-0.2871 
-0.2949 
-0.1660 
0.2441 
-0.2148 
0.0176 
0.0703 
0.1328 
-0.1992 
0.1953 
-0.2949 
-0.3145 
0.1562 
0.1309 
0.1953 
-0.2520 
0.0508 
0.2539 
-0.1934 
-0.2773 
-0.2207 
-0.3262 
-0.1113 
-0.0840 
-0.3984 
0.4004 
-0.1641 
-0.1777 
-0.2734 
-0.0762 
-0.1660 
0.1113 
0.0293 
-0.2207 
0.1035 
-0.0664 
-0.4023 
0.2793 
0.0098 
-0.1660 
-0.3418 
0.0898 
0.1797 
0.1523 
0.1699 
0.2402 
0.3066 
0.2109 
-0.3086 
-0.3730 
-0.0273 
0.1934 
-0.2480 
-0.3281 
-0.3125 
0.2051 
0.1621 
-0.3262 
0.2422 
0.1621 
0.0215 
0.1973 
0.0703 
-0.4199 
0.0938 
0.0996 
0.3008 
0.0801 
0.0859 
0.0273 
-0.3789 
0.1504 
-0.3984 
0.0664 
0.0762 
-0.0977 
0.0938 
0.1621 
0.0781 
0.2754 
0.1133 
0.2559 
-0.3828 
0.0625 
0.0703 
-0.3965 
-0.0469 
-0.4316 
-0.1543 
0.1680 
-0.1660 
-0.3848 
-0.1680 
-0.1758 
0.0645 
0.1465 
0.2129 
0.1523 
-0.3164 
0.3047 
-0.0059 
0.2266 
0.3438 
0.0215 
0.2148 
-0.1895 
0.2656 
0.0820 
-0.2676 
0.2637 
0.2383 
-0.4395 
0.1543 
-0.4102 
-0.3047 
0.2109 
0.0371 
-0.2031 
0.1211 
0.1055 
0.1836 
0.2363 
0.2109 
-0.3262 
0.0723 
0.0840 
0.0488 
-0.3223 
0.1055 
-0.2539 
0.1738 
0.3574 
-0.3965 
-0.1504 
0.1055 
-0.3594 
0.1562 
0.0742 
0.1445 
0.0703 
-0.2832 
-0.2949 
-0.3340 
0.0762 
0.0625 
-0.3301 
0.0234 
0.1875 
0.1250 
-0.3633 
-0.2188 
0.1133 
-0.1289 
0.2168 
0.1270 
0.1348 
-0.0410 
-0.0996 
-0.2129 
-0.3770 
0.2012 
0.2598 
0.2109 
-0.2207 
0.1836 
0.0645 
-0.1660 
-0.3164 
-0.2344 
0.1816 
-0.4082 
-0.1387 
0.2969 
-0.0586 
-0.0488 
0.0547 
0.1992 
0.2402 
0.0527 
-0.2285 
0.0742 
0.0352 
0.1562 
0.1113 
0.1816 
0.1855 
-0.2617 
-0.2207 
0.3223 
0.3672 
-0.1289 
0.1484 
-0.2324 
-0.3457 
0.2539 
-0.2598 
0.0840 
0.1191 
0.0742 
-0.1523 
-0.0723 
0.2539 
-0.3789 
-0.2207 
0.0645 
0.0547 
0.1543 
-0.2637 
-0.2520 
0.0566 
-0.0723 
-0.1309 
-0.2344 
0.1094 
-0.4160 
-0.3887 
-0.1973 
0.1660 
0.1582 
0.0156 
-0.3145 
-0.4258 
0.2109 
-0.3457 
-0.3828 
0.0254 
-0.2227 
-0.1328 
-0.3203 
-0.2617 
0.1680 
0.2012 
-0.4258 
0.1660 
0.1367 
-0.1504 
0.1230 
0.2539 
0.0391 
0.0410 
0.3066 
0.1348 
-0.3359 
-0.0527 
0.1094 
0.4316 
-0.2637 
-0.1035 
0.0391 
0.1113 
-0.2695 
-0.4121 
0.1250 
0.2246 
0.1582 
-0.3027 
0.0840 
0.0684 
-0.2480 
0.1426 
-0.2129 
-0.2559 
0.1367 
-0.2871 
0.4004 
0.0586 
-0.2090 
0.1953 
0.0996 
0.1816 
-0.3574 
-0.3105 
-0.3438 
0.0605 
0.1797 
-0.2148 
0.2246 
0.1797 
0.1309 
0.0645 
0.1094 
0.1289 
-0.3066 
-0.4453 
0.0898 
0.1094 
0.0977 
0.2148 
-0.2500 
0.1191 
0.0684 
0.0684 
-0.2539 
0.2852 
-0.0703 
0.1387 
-0.1875 
0.0449 
-0.3398 
0.1934 
0.1055 
0.0898 
-0.3008 
0.2910 
-0.3711 
-0.3320 
0.1152 
-0.2793 
0.1855 
0.1172 
0.0977 
0.0508 
0.0859 
0.2246 
0.1836 
0.1699 
0.1543 
-0.1895 
0.1758 
-0.0527 
0.1719 
0.0078 
-0.0742 
0.0879 
-0.2734 
-0.2832 
-0.2383 
0.1719 
-0.3594 
-0.2832 
-0.2734 
-0.4199 
-0.4434 
0.3457 
0.1504 
0.2266 
-0.3711 
0.2168 
0.3262 
0.0312 
0.0469 
-0.3203 
0.3965 
-0.1641 
-0.2949 
-0.1992 
-0.3438 
-0.3965 
-0.2930 
0.1367 
-0.3750 
0.1562 
0.2207 
-0.1211 
0.3125 
0.0977 
0.2383 
0.2109 
-0.0586 
0.0410 
0.0332 
0.0312 
0.1172 
0.1094 
-0.1562 
-0.0449 
0.1875 
-0.4297 
0.0586 
0.0645 
-0.1328 
0.0840 
-0.3770 
-0.3984 
-0.3945 
-0.3359 
0.0898 
0.1328 
0.1348 
0.0645 
0.1543 
0.1758 
0.1504 
0.0527 
-0.3730 
-0.2676 
-0.2031 
0.1250 
-0.0488 
-0.3828 
0.0332 
-0.2539 
0.0586 
-0.1953 
0.0547 
0.1680 
-0.4082 
0.1191 
0.3711 
0.3984 
-0.1133 
0.1523 
-0.2109