0.6602 
-0.0762 
0.6836 
-0.0508 
-0.0195 
0.5312 
0.1699 
-0.0938 
0.6367 
0.6426 
0.5801 
0.5039 
0.7285 
0.3945 
-0.1367 
0.7227 
-0.1230 
0.0781 
0.5879 
0.5605 
0.4297 
0.5566 
-0.0234 
0.5566 
-0.0840 
0.6523 
-0.0898 
0.4883 
0.6582 
0.6270 
-0.0391 
0.6523 
-0.0684 
0.5898 
0.7031 
0.5957 
0.6152 
0.1328 
-0.0645 
0.5625 
0.5234 
0.4805 
-0.0742 
-0.0742 
0.4785 
0.6309 
0.6855 
0.6914 
-0.0195 
0.7363 
0.6680 
0.5918 
-0.0762 
0.5898 
0.5332 
0.6133 
-0.1367 
-0.1055 
0.6836 
0.5605 
0.6875 
0.5449 
-0.0293 
0.2051 
-0.0859 
0.6230 
-0.1934 
0. 
-0.0176 
0.6445 
0.0527 
0.0078 
0.5938 
0.6562 
0.6523 
0.6465 
0.5547 
0.0332 
0.5352 
0.3965 
0.6543 
0.6836 
0.0195 
0.0898 
0.6621 
0.7031 
-0.0742 
0.6660 
0.6406 
0.6289 
0.0703 
0.5742 
0.5566 
0.6777 
-0.0312 
0.6406 
0.6758 
0.1426 
-0.1328 
0.4570 
0.6602 
-0.0098 
0.6895 
0.6777 
0.7227 
-0.0625 
0.6641 
0.0527 
0.0273 
0.6680 
0.6562 
0.5957 
-0.0488 
0.5371 
0.5840 
-0.0020 
-0.0508 
-0.1621 
-0.1074 
-0.1367 
0.0703 
-0.0781 
0.5195 
-0.0605 
0.0918 
-0.1895 
-0.0469 
-0.0039 
0.3516 
0.2266 
-0.0742 
0.4043 
-0.1035 
-0.0605 
0.5859 
0.6680 
0.0820 
0.1914 
0.6387 
0.7070 
0.7051 
0.7305 
0.6992 
0.5879 
0.5371 
0.1562 
-0.0859 
-0.1602 
0.5938 
-0.0566 
-0.1738 
-0.0215 
0.6094 
0.6680 
0.0664 
0.5879 
0.6602 
-0.0742 
0.6758 
0.6836 
-0.1934 
0.6797 
0.5645 
0.5996 
0.5039 
0.6719 
0.5273 
-0.0371 
0.6035 
-0.2500 
0.7227 
0.4141 
-0.0938 
0.6582 
0.6621 
0.6582 
0.6562 
0.5840 
0.6016 
-0.1523 
0.6582 
0.6211 
-0.0723 
-0.0273 
0.0176 
-0.0156 
0.6758 
-0.1953 
-0.0781 
0.5508 
-0.0840 
0.6777 
0.7168 
0.7578 
0.6914 
-0.0039 
0.7305 
0.5879 
0.2891 
0.7188 
0.7090 
0.7188 
0.0605 
0.5781 
0.5996 
-0.0605 
0.6875 
0.6797 
-0.0039 
0.4043 
0.0859 
-0.1152 
0.5371 
0.6426 
-0.1875 
0.6133 
0.6855 
0.6914 
0.6523 
0.6738 
-0.0371 
0.6055 
0.6543 
0.6797 
-0.0801 
0.6621 
-0.1211 
0.7129 
0.6816 
-0.0469 
-0.1484 
0.7051 
-0.1797 
0.4961 
0.5781 
0.7422 
0.4922 
-0.0625 
-0.0547 
-0.0195 
0.6426 
0.5430 
-0.0703 
0.6523 
-0.1445 
0.6660 
-0.0430 
0.0293 
0.6328 
-0.0039 
0.6445 
0.6543 
0.6074 
-0.1641 
-0.1758 
0.0508 
0.0098 
0.6445 
0.6152 
0.5059 
-0.1543 
0.6289 
0.6309 
-0.0469 
-0.1328 
-0.2266 
0.6934 
0.1406 
-0.0918 
0.7070 
-0.0332 
0.4629 
0.5938 
0.5879 
0.5742 
0.6953 
0.0410 
0.6641 
0.5996 
0.5312 
0.7012 
0.7090 
0.6602 
0.2344 
0.1230 
0.7051 
0.6172 
-0.1445 
0.5703 
0.0762 
-0.1465 
-0.1934 
-0.0449 
0.6621 
0.5703 
0.6250 
-0.0820 
-0.0488 
0.6504 
0.0957 
0.1230 
-0.1602 
0.5547 
0.6777 
0.0156 
-0.0391 
0.6367 
0.0469 
-0.0469 
0.2637 
0.5625 
-0.0762 
-0.0996 
-0.0762 
0.6016 
0.7168 
-0.1328 
-0.0020 
-0.0273 
0.5723 
0.0059 
-0.0391 
0.4629 
0.0293 
-0.0234 
-0.0859 
-0.0586 
0.6875 
0.5957 
-0.0137 
0.7207 
0.6348 
-0.0488 
0.6523 
0.7188 
0.4082 
0.6289 
0.6211 
0.5176 
0.0156 
-0.2051 
0.6602 
0.5391 
-0.0215 
-0.0625 
-0.0977 
0.6816 
0.0605 
-0.0469 
0.6113 
0.5625 
0.7207 
-0.0469 
-0.1328 
0.6055 
-0.1152 
0.5684 
-0.1367 
-0.0195 
0.5742 
-0.1250 
0.5293 
-0.0723 
-0.1133 
0.5820 
0.3145 
0.6992 
0.1211 
-0.1562 
-0.0391 
-0.2188 
0.5645 
0.0078 
0.6953 
0.7148 
0.5957 
0.6484 
0.6387 
0.5156 
-0.1406 
-0.0156 
0.7227 
0.5078 
0.6504 
0.5605 
-0.1426 
0.6797 
0.5137 
0.6836 
0.0742 
0.6641 
-0.2129 
0.4102 
-0.0742 
0.4785 
-0.0664 
0.6895 
0.5488 
0.6055 
-0.0234 
0.5488 
0.0430 
-0.0293 
0.6504 
0.0117 
0.6348 
0.6895 
0.6641 
0. 
0.6348 
0.6270 
0.5586 
0.6582 
0.5938 
-0.0156 
0.6602 
-0.0957 
0.7168 
0.6270 
-0.0410 
0.6641 
-0.1270 
-0.1172 
0.1289 
0.6855 
-0.0312 
-0.0078 
0.0762 
-0.1211 
-0.1133 
0.4121 
0.6895 
0.5996 
-0.0586 
0.7090 
0.4258 
0.6543 
0.7383 
0.0391 
0. 
0.3945 
-0.2188 
-0.0332 
-0.0723 
0.0527 
-0.0566 
0.6289 
-0.0996 
0.7539 
0.7363 
-0.0859 
0.6582 
0.6680 
0.5723 
0.5410 
-0.0352 
0.7578 
0.6523 
0.6504 
0.6582 
0.5625 
-0.1328 
-0.1309 
0.6875 
0.1094 
0.6855 
0.6055 
-0.0352 
0.5859 
-0.2500 
-0.0879 
-0.0625 
0.1211 
0.6406 
0.6660 
0.4805 
0.6152 
0.6523 
0.3359 
0.6836 
0.6934 
-0.1855 
-0.0703 
-0.1055 
0.6191 
-0.1699 
-0.1074 
0.3418 
-0.0254 
0.6348 
-0.0898 
0.5957 
0.5547 
-0.0234 
0.7129 
0.6016 
0.3965 
-0.0254 
0.6816 
0.2656 