0.2676 
-0.1895 
0.3711 
-0.0723 
-0.1387 
0.2266 
0.3613 
-0.1484 
0.1270 
0.0469 
0.2715 
0.1504 
0.1953 
0.4883 
-0.1758 
0.2949 
-0.3027 
-0.1484 
0.3125 
0.3965 
0.1562 
0.5078 
-0.0703 
0.3301 
-0.2441 
0.1738 
-0.0117 
0.3125 
0.3477 
0.2148 
-0.1758 
0.1602 
-0.2070 
0.2617 
0.3105 
0.2715 
0.1309 
-0.2188 
-0.2031 
0.5664 
0.4590 
0.3555 
-0.3105 
-0.1055 
0.2520 
0.1895 
0.2324 
0.4043 
-0.2676 
0.2441 
0.2109 
0.1309 
-0.2285 
0.3105 
0.2051 
0.1504 
-0.2363 
-0.1211 
0.1641 
0.1777 
0.2422 
0.3672 
-0.1602 
-0.3164 
-0.2949 
0.2148 
-0.0977 
-0.0254 
-0.2324 
0.1992 
-0.1621 
-0.2324 
0.2129 
0.1621 
0.2500 
0.1465 
0.2266 
-0.2246 
0.3105 
0.5332 
0.2441 
0.7070 
-0.2246 
-0.1074 
0.2656 
0.3066 
-0.0957 
0.3066 
0.1973 
0.1582 
-0.0801 
0.4336 
0.2344 
0.2520 
0.0469 
0.1641 
0.4375 
-0.1523 
-0.2441 
-0.1348 
0.3594 
-0.1211 
0.1270 
0.2012 
0.2910 
-0.1191 
0.4121 
-0.2461 
-0.2285 
0.3184 
0.1641 
0.3516 
-0.1836 
0.2188 
0.4805 
-0.2109 
-0.2891 
-0.2246 
-0.1992 
-0.0215 
-0.0566 
-0.3555 
0.5098 
-0.1133 
-0.1328 
-0.2695 
0.0039 
-0.1484 
0.2168 
0.1133 
-0.1895 
0.1328 
-0.0293 
-0.3770 
0.4648 
0.1641 
-0.0820 
-0.2812 
0.2188 
0.2949 
0.2754 
0.2383 
0.4004 
0.4473 
0.3711 
-0.2832 
-0.3359 
0.1211 
0.2852 
-0.2227 
-0.2793 
-0.2344 
0.3555 
0.2500 
-0.3223 
0.3867 
0.2402 
0.0332 
0.3652 
0.1641 
-0.3809 
0.2227 
0.1543 
0.5957 
0.2305 
0.2617 
0.1660 
-0.3242 
0.3848 
-0.2695 
0.1250 
0.3047 
-0.0488 
0.2754 
0.2754 
0.1680 
0.4336 
0.2734 
0.4336 
-0.3066 
0.2266 
0.1836 
-0.3477 
0.0078 
-0.3281 
-0.1582 
0.1895 
-0.1660 
-0.2891 
-0.1973 
-0.0625 
0.1953 
0.2090 
0.3242 
0.2891 
-0.2520 
0.4395 
0.1543 
0.4102 
0.4414 
0.1855 
0.3184 
-0.1797 
0.4746 
0.1328 
-0.2500 
0.4609 
0.3965 
-0.3633 
0.3027 
-0.3574 
-0.2246 
0.4590 
0.2109 
-0.1309 
0.2695 
0.1934 
0.2363 
0.4004 
0.3672 
-0.2637 
0.1914 
0.1973 
0.2070 
-0.2930 
0.2617 
-0.2812 
0.3242 
0.5234 
-0.3281 
-0.1152 
0.2324 
-0.2246 
0.3418 
0.2852 
0.3047 
0.2070 
-0.2715 
-0.2637 
-0.3379 
0.1348 
0.2168 
-0.3652 
0.2988 
0.2227 
0.2344 
-0.2695 
-0.1953 
0.1914 
-0.0645 
0.3223 
0.2891 
0.3457 
0.0566 
-0.0039 
-0.2070 
-0.4062 
0.2188 
0.3477 
0.2910 
-0.1230 
0.1504 
0.2051 
-0.1270 
-0.3379 
-0.1680 
0.3359 
-0.3066 
-0.0742 
0.2539 
-0.1152 
0.1016 
0.2598 
0.3535 
0.4590 
0.2383 
-0.1113 
0.2129 
0.3359 
0.3457 
0.3203 
0.3652 
0.4316 
-0.1758 
-0.1387 
0.6152 
0.5684 
-0.0645 
0.2383 
-0.2578 
-0.3105 
0.3184 
-0.1953 
0.1934 
0.3320 
0.2441 
-0.1855 
-0.0898 
0.3809 
-0.3203 
-0.2168 
0.1797 
0.1738 
0.3789 
-0.2344 
-0.1953 
0.2383 
-0.0723 
-0.0977 
-0.2129 
0.1465 
-0.3594 
-0.2930 
-0.2148 
0.2910 
0.2031 
-0.0156 
-0.2676 
-0.3984 
0.3750 
-0.2891 
-0.2793 
0.0879 
-0.2324 
-0.0059 
-0.2969 
-0.3105 
0.3164 
0.3613 
-0.3691 
0.3066 
0.2480 
-0.1367 
0.2363 
0.3809 
0.1172 
0.1758 
0.3516 
0.2715 
-0.2109 
0.0801 
0.2402 
0.5137 
-0.1836 
-0.1113 
0.1113 
0.2871 
-0.1699 
-0.2949 
0.2715 
0.3867 
0.3574 
-0.2617 
0.2070 
0.2832 
-0.1680 
0.2188 
-0.1621 
-0.2031 
0.2617 
-0.2285 
0.5039 
0.0176 
-0.1777 
0.4121 
0.2520 
0.3535 
-0.3359 
-0.2598 
-0.3555 
0.1348 
0.2422 
-0.1992 
0.2617 
0.4121 
0.2949 
0.1602 
0.2715 
0.1934 
-0.2422 
-0.3770 
0.1230 
0.1816 
0.2344 
0.3340 
-0.2227 
0.2461 
0.2090 
0.2402 
-0.2383 
0.3145 
0.0176 
0.3262 
-0.1641 
0.1504 
-0.3145 
0.4121 
0.3145 
0.2793 
-0.3184 
0.3730 
-0.2812 
-0.3008 
0.1562 
-0.1660 
0.3086 
0.2832 
0.2012 
0.1172 
0.3027 
0.2773 
0.3340 
0.1543 
0.1094 
-0.0938 
0.3105 
0. 
0.1953 
0.0703 
-0.0254 
0.3008 
-0.1738 
-0.2500 
-0.2285 
0.2383 
-0.3047 
-0.2188 
-0.1270 
-0.2070 
-0.3164 
0.4805 
0.2930 
0.4102 
-0.2305 
0.4414 
0.5000 
0.2344 
0.2402 
-0.2090 
0.4824 
-0.1133 
-0.2441 
-0.1211 
-0.1699 
-0.2734 
-0.2383 
0.2598 
-0.3008 
0.2734 
0.2695 
-0.0332 
0.3848 
0.2578 
0.2656 
0.3125 
0.0234 
0.1914 
0.1914 
0.2207 
0.2754 
0.2266 
-0.0078 
0.0410 
0.3633 
-0.3457 
0.1719 
0.1465 
-0.0957 
0.2363 
-0.3262 
-0.3105 
-0.3672 
-0.2891 
0.2031 
0.2949 
0.2598 
0.2109 
0.3477 
0.3789 
0.2383 
0.2227 
-0.2520 
-0.2617 
-0.1836 
0.0820 
-0.0234 
-0.3906 
0.0684 
-0.2988 
0.0664 
-0.2383 
-0.1055 
-0.0293 
-0.4355 
0.0840 
0.4121 
0.4746 
-0.1367 
0.1289 
-0.1992 